0.539999 0 1.515 0 0 0 0 0 0 -0.539999 0.54 -4.88758e-06 0 0 0 -0 1.5708 1.0472e-05 -0 -0 -0 0 0 0 0 0 0
0.539999 0 1.515 0 0 0 0 0 0 -0.539999 0.54 -4.88758e-06 0 0 0 -0 1.5708 1.0472e-05 -0 -0 -0 0 0 0 0 0 0
0.539999 0 1.515 0 0 0 0 0 0 -0.539999 0.54 -4.88758e-06 0 0 0 -0 1.5708 1.0472e-05 -0 -0 -0 0 0 0 0 0 0
0.539999 0 1.515 0 0 0 0 0 0 -0.539999 0.54 -4.88758e-06 0 0 0 -0 1.5708 1.0472e-05 -0 -0 -0 0 0 0 0 0 0
0.539999 0 1.515 0 0 0 0 0 0 -0.539999 0.54 -4.88758e-06 0 0 0 -0 1.5708 1.0472e-05 -0 -0 -0 0 0 0 0 0 0
0.539999 0 1.515 0 0 0 0 0 0 -0.539999 0.54 -4.88758e-06 0 0 0 -0 1.5708 1.0472e-05 -0 -0 -0 0 0 0 0 0 0
0.539999 0 1.515 0 0 0 0 0 0 -0.539999 0.54 -4.88758e-06 0 0 0 -0 1.5708 1.0472e-05 -0 -0 -0 0 0 0 0 0 0
0.539944 1.50781e-05 1.51504 0 0 0 0 0 0 -0.539944 0.539985 -4.22001e-05 0 0 0 2.79253e-05 1.57097 -8.55211e-05 -0 -0 -0 0 0 0 0 0 0
0.539584 0.000310778 1.51523 0 0 0 0 0 0 -0.539584 0.539689 -0.000231981 0 0 0 0.000575959 1.57216 -0.000834267 -8.72665e-06 -8.55211e-05 -3.49066e-06 0 0 0 0 0 0
0.538735 0.00121859 1.51518 0 0 0 0 0 0 -0.538735 0.538781 -0.000184059 0 0 0 0.00226195 1.57521 -0.00363378 -8.72665e-06 -0.00104545 -2.44346e-05 0 0 0 0 0 0
0.537154 0.00293537 1.515 0 0 0 0 0 0 -0.537154 0.537065 0 0 0 0 0.00546463 1.58084 -0.00862891 -8.72665e-06 -0.00377689 -0.000125664 0 0 0 0 0 0
0.53468 0.00558256 1.51467 0 0 0 0 0 0 -0.53468 0.534417 0.000328779 0 0 0 0.0104406 1.58953 -0.0162019 -0 -0.00859051 -0.000214675 0 0 0 0 0 0
0.531233 0.00913266 1.51426 0 0 0 0 0 0 -0.531233 0.530867 0.000741839 0 0 0 0.0171897 1.6015 -0.0264033 -0 -0.0153694 -0.000345575 0 0 0 0 0 0
0.526897 0.0133997 1.51387 0 0 0 0 0 0 -0.526897 0.5266 0.00113022 0 0 0 0.025426 1.61634 -0.0387707 -0 -0.0235183 -0.000499164 0 0 0 0 0 0
0.521818 0.0180974 1.51356 0 0 0 0 0 0 -0.521818 0.521903 0.0014416 0 0 0 0.0346675 1.63346 -0.0526444 -0 -0.0327406 -0.00058294 0 0 0 0 0 0
0.516196 0.0230774 1.51314 0 0 0 0 0 0 -0.516196 0.516923 0.00185621 0 0 0 0.0446769 1.65224 -0.0678689 -0 -0.0427501 -0.000589921 0 0 0 0 0 0
0.51014 0.0282149 1.51269 0 0 0 0 0 0 -0.51014 0.511785 0.00231135 0 0 0 0.0552519 1.67227 -0.083966 -0 -0.0532395 -0.000616101 0 0 0 0 0 0
0.50375 0.0334458 1.51216 0 0 0 0 0 0 -0.50375 0.506554 0.00283802 0 0 0 0.0662963 1.69319 -0.100686 -0 -0.0640815 -0.000623083 0 0 0 0 0 0
0.497163 0.0386483 1.51139 0 0 0 0 0 0 -0.497163 0.501352 0.00360572 0 0 0 0.0775816 1.71465 -0.11804 -0 -0.0752603 -0.000628319 0 0 0 0 0 0
0.490382 0.0438017 1.51059 0 0 0 0 0 0 -0.490382 0.496198 0.00440717 0 0 0 0.0890851 1.73653 -0.135546 -0 -0.0865264 -0.000621337 0 0 0 0 0 0
0.483465 0.0488955 1.50978 0 0 0 0 0 0 -0.483465 0.491105 0.00521863 0 0 0 0.100793 1.75864 -0.153015 -0 -0.0977332 -0.000612611 0 0 0 0 0 0
0.47651 0.0539124 1.50874 0 0 0 0 0 0 -0.47651 0.486088 0.00626242 0 0 0 0.112661 1.78076 -0.170684 -0 -0.109027 -0.000605629 0 0 0 0 0 0
0.46953 0.0588027 1.50763 0 0 0 0 0 0 -0.46953 0.481197 0.00736666 0 0 0 0.124589 1.80279 -0.188143 -0 -0.120264 -0.000614356 0 0 0 0 0 0
0.462553 0.0635675 1.50645 0 0 0 0 0 0 -0.462553 0.476433 0.00854552 0 0 0 0.136572 1.82465 -0.205382 -0 -0.131404 -0.000541052 0 0 0 0 0 0
0.455619 0.0682766 1.50517 0 0 0 0 0 0 -0.455619 0.471723 0.0098294 0 0 0 0.148747 1.84621 -0.222331 8.72665e-06 -0.142487 -0.000479966 0 0 0 0 0 0
0.448733 0.0728956 1.50382 0 0 0 0 0 0 -0.448733 0.467104 0.0111789 0 0 0 0.16104 1.86744 -0.238927 1.91986e-05 -0.153465 -0.000446804 0 0 0 0 0 0
0.441885 0.0773872 1.50257 0 0 0 0 0 0 -0.441885 0.462613 0.0124254 0 0 0 0.173369 1.88832 -0.254851 4.71239e-05 -0.164194 -0.000389208 0 0 0 0 0 0
0.43515 0.0818157 1.50128 0 0 0 0 0 0 -0.43515 0.458184 0.0137218 0 0 0 0.185841 1.90868 -0.270317 9.59931e-05 -0.174634 -0.000366519 0 0 0 0 0 0
0.428504 0.0861972 1.49997 0 0 0 0 0 0 -0.428504 0.453803 0.0150291 0 0 0 0.198496 1.92857 -0.285302 0.000181514 -0.184797 -0.000380482 0 0 0 0 0 0
0.421942 0.0904795 1.49876 0 0 0 0 0 0 -0.421942 0.44952 0.0162362 0 0 0 0.211201 1.94796 -0.299567 0.000479966 -0.194672 -0.000366519 0 0 0 0 0 0
0.415509 0.0947325 1.49751 0 0 0 0 0 0 -0.415509 0.445267 0.0174903 0 0 0 0.224086 1.96678 -0.313393 0.000911062 -0.204221 -0.000326377 0 0 0 0 0 0
0.409148 0.0989462 1.49635 0 0 0 0 0 0 -0.409148 0.441054 0.0186467 0 0 0 0.237162 1.98509 -0.326507 0.00136136 -0.21355 -0.000338594 0 0 0 0 0 0
0.402885 0.103068 1.49529 0 0 0 0 0 0 -0.402885 0.436931 0.019711 0 0 0 0.250289 2.00287 -0.338913 0.00183085 -0.222648 -0.000310669 0 0 0 0 0 0
0.39674 0.107161 1.49421 0 0 0 0 0 0 -0.39674 0.432839 0.0207878 0 0 0 0.263587 2.02008 -0.35083 0.00234921 -0.231506 -0.000167552 0 0 0 0 0 0
0.390675 0.111243 1.49321 0 0 0 0 0 0 -0.390675 0.428757 0.0217913 0 0 0 0.277113 2.03676 -0.362154 0.00292343 -0.240058 -0.000151844 0 0 0 0 0 0
0.384729 0.115253 1.49225 0 0 0 0 0 0 -0.384729 0.424747 0.0227549 0 0 0 0.29069 2.05287 -0.37294 0.00356571 -0.248294 -0.000122173 0 0 0 0 0 0
0.37885 0.119241 1.49142 0 0 0 0 0 0 -0.37885 0.420759 0.023584 0 0 0 0.304457 2.06849 -0.383063 0.00435285 -0.256165 -4.88692e-05 0 0 0 0 0 0
0.373049 0.123207 1.49067 0 0 0 0 0 0 -0.373049 0.416793 0.0243293 0 0 0 0.318406 2.08358 -0.392603 0.00519585 -0.263749 -1.22173e-05 0 0 0 0 0 0
0.367352 0.127121 1.48997 0 0 0 0 0 0 -0.367352 0.412879 0.0250262 0 0 0 0.332442 2.09813 -0.401644 0.00604058 -0.271025 6.98132e-06 0 0 0 0 0 0
0.361748 0.131019 1.48929 0 0 0 0 0 0 -0.361748 0.408981 0.0257108 0 0 0 0.346642 2.11214 -0.410245 0.00697957 -0.278082 6.45772e-05 0 0 0 0 0 0
0.356181 0.134902 1.48874 0 0 0 0 0 0 -0.356181 0.405098 0.026262 0 0 0 0.361042 2.1257 -0.41824 0.00802502 -0.28486 4.01426e-05 0 0 0 0 0 0
0.35071 0.138721 1.48825 0 0 0 0 0 0 -0.35071 0.401279 0.0267487 0 0 0 0.37548 2.13874 -0.425747 0.00910887 -0.291341 5.75959e-05 0 0 0 0 0 0
0.345314 0.142532 1.48776 0 0 0 0 0 0 -0.345314 0.397468 0.0272435 0 0 0 0.390092 2.15129 -0.432938 0.0102486 -0.297601 6.80678e-05 0 0 0 0 0 0
0.339972 0.146323 1.48736 0 0 0 0 0 0 -0.339972 0.393677 0.0276376 0 0 0 0.404855 2.16335 -0.439563 0.011486 -0.303652 2.61799e-05 0 0 0 0 0 0
0.334725 0.15007 1.487 0 0 0 0 0 0 -0.334725 0.38993 0.0280043 0 0 0 0.419668 2.17488 -0.445804 0.0127793 -0.309422 6.98132e-05 0 0 0 0 0 0
0.329507 0.153816 1.48672 0 0 0 0 0 0 -0.329507 0.386184 0.0282775 0 0 0 0.434692 2.186 -0.451623 0.0141599 -0.314859 3.49066e-05 0 0 0 0 0 0
0.324362 0.157515 1.48652 0 0 0 0 0 0 -0.324362 0.382485 0.0284754 0 0 0 0.449754 2.19661 -0.456964 0.0156364 -0.320065 -6.98132e-06 0 0 0 0 0 0
0.319295 0.161189 1.48632 0 0 0 0 0 0 -0.319295 0.378811 0.0286825 0 0 0 0.464902 2.20676 -0.462072 0.0171322 -0.324984 -6.98132e-06 0 0 0 0 0 0
0.314263 0.164862 1.48618 0 0 0 0 0 0 -0.314263 0.375138 0.0288179 0 0 0 0.480222 2.21646 -0.466771 0.0187728 -0.329661 -2.96706e-05 0 0 0 0 0 0
0.309329 0.168492 1.48607 0 0 0 0 0 0 -0.309329 0.371508 0.0289332 0 0 0 0.495534 2.22563 -0.471143 0.0204308 -0.334053 -1.0472e-05 0 0 0 0 0 0
0.304423 0.172115 1.48598 0 0 0 0 0 0 -0.304423 0.367885 0.029021 0 0 0 0.510989 2.2344 -0.475208 0.0222425 -0.338309 1.39626e-05 0 0 0 0 0 0
0.299577 0.175711 1.48597 0 0 0 0 0 0 -0.299577 0.364289 0.0290258 0 0 0 0.526501 2.24266 -0.478842 0.0240733 -0.342278 3.49066e-06 0 0 0 0 0 0
0.294783 0.179257 1.48604 0 0 0 0 0 0 -0.294783 0.360743 0.0289561 0 0 0 0.542014 2.25051 -0.482111 0.0259618 -0.34598 8.02851e-05 0 0 0 0 0 0
0.290022 0.182819 1.48611 0 0 0 0 0 0 -0.290022 0.357181 0.0288873 0 0 0 0.557697 2.25794 -0.48517 0.0279672 -0.349469 2.61799e-05 0 0 0 0 0 0
0.285352 0.186334 1.48621 0 0 0 0 0 0 -0.285352 0.353666 0.028785 0 0 0 0.573316 2.26484 -0.487893 0.0299708 -0.352729 4.18879e-05 0 0 0 0 0 0
0.280712 0.189848 1.48634 0 0 0 0 0 0 -0.280712 0.350152 0.0286641 0 0 0 0.58904 2.27133 -0.490375 0.0320984 -0.355798 4.88692e-05 0 0 0 0 0 0
0.27614 0.193335 1.48646 0 0 0 0 0 0 -0.27614 0.346665 0.028543 0 0 0 0.604753 2.27738 -0.492638 0.0342469 -0.358663 1.91986e-05 0 0 0 0 0 0
0.271638 0.196799 1.4866 0 0 0 0 0 0 -0.271638 0.3432 0.0283968 0 0 0 0.620447 2.28295 -0.494632 0.0364512 -0.36129 5.75959e-05 0 0 0 0 0 0
0.267152 0.200263 1.48679 0 0 0 0 0 0 -0.267152 0.339737 0.0282122 0 0 0 0.636237 2.28815 -0.496405 0.0387899 -0.36365 3.14159e-05 0 0 0 0 0 0
0.262767 0.203702 1.48694 0 0 0 0 0 0 -0.262767 0.336298 0.0280586 0 0 0 0.651933 2.29283 -0.497997 0.041092 -0.365835 2.61799e-05 0 0 0 0 0 0
0.258382 0.207117 1.48719 0 0 0 0 0 0 -0.258382 0.332883 0.0278066 0 0 0 0.667693 2.29718 -0.499244 0.0434604 -0.367781 2.96706e-05 0 0 0 0 0 0
0.254068 0.210517 1.48743 0 0 0 0 0 0 -0.254068 0.329483 0.0275657 0 0 0 0.683389 2.30107 -0.500299 0.0459039 -0.369565 2.44346e-05 0 0 0 0 0 0
0.249818 0.213896 1.48771 0 0 0 0 0 0 -0.249818 0.326104 0.0272883 0 0 0 0.699025 2.30452 -0.501114 0.0483683 -0.37106 1.39626e-05 0 0 0 0 0 0
0.245576 0.217264 1.48801 0 0 0 0 0 0 -0.245576 0.322736 0.0269934 0 0 0 0.7147 2.30763 -0.501726 0.0509182 -0.37246 2.26893e-05 0 0 0 0 0 0
0.241439 0.220618 1.48826 0 0 0 0 0 0 -0.241439 0.319382 0.0267417 0 0 0 0.730232 2.31026 -0.502245 0.053449 -0.373621 2.44346e-05 0 0 0 0 0 0
0.237306 0.223952 1.48859 0 0 0 0 0 0 -0.237306 0.316048 0.0264056 0 0 0 0.745783 2.31255 -0.502437 0.0560094 -0.374598 3.49066e-05 0 0 0 0 0 0
0.233242 0.227274 1.4889 0 0 0 0 0 0 -0.233242 0.312726 0.0261036 0 0 0 0.761218 2.31443 -0.502541 0.0586553 -0.375403 3.49066e-05 0 0 0 0 0 0
0.229257 0.230593 1.48917 0 0 0 0 0 0 -0.229257 0.309407 0.025831 0 0 0 0.776549 2.31587 -0.502533 0.0612628 -0.376007 4.36332e-05 0 0 0 0 0 0
0.225292 0.233915 1.48943 0 0 0 0 0 0 -0.225292 0.306085 0.02557 0 0 0 0.791879 2.31702 -0.502475 0.0639471 -0.376363 4.53786e-05 0 0 0 0 0 0
0.22142 0.23722 1.48964 0 0 0 0 0 0 -0.22142 0.30278 0.0253637 0 0 0 0.807009 2.31774 -0.502349 0.066614 -0.376602 5.06145e-05 0 0 0 0 0 0
0.217552 0.240489 1.48996 0 0 0 0 0 0 -0.217552 0.299511 0.0250372 0 0 0 0.82208 2.31814 -0.501814 0.0692878 -0.376698 4.71239e-05 0 0 0 0 0 0
0.213723 0.243739 1.49031 0 0 0 0 0 0 -0.213723 0.296261 0.0246863 0 0 0 0.837035 2.31819 -0.501056 0.072021 -0.376698 4.71239e-05 0 0 0 0 0 0
0.209957 0.246965 1.49061 0 0 0 0 0 0 -0.209957 0.293035 0.0243878 0 0 0 0.85182 2.31791 -0.500231 0.0746861 -0.376698 4.71239e-05 0 0 0 0 0 0
0.206195 0.250168 1.49096 0 0 0 0 0 0 -0.206195 0.289832 0.0240424 0 0 0 0.866537 2.31733 -0.499129 0.0774176 -0.376698 4.71239e-05 0 0 0 0 0 0
0.202526 0.253372 1.49122 0 0 0 0 0 0 -0.202526 0.286628 0.0237761 0 0 0 0.881042 2.31634 -0.497988 0.0801124 -0.37666 4.88692e-05 0 0 0 0 0 0
0.198906 0.256577 1.49148 0 0 0 0 0 0 -0.198906 0.283423 0.0235226 0 0 0 0.895424 2.31502 -0.496761 0.0827967 -0.376429 5.75959e-05 0 0 0 0 0 0
0.195327 0.259771 1.49181 0 0 0 0 0 0 -0.195327 0.280229 0.0231934 0 0 0 0.90968 2.31341 -0.49538 0.085481 -0.37571 6.98132e-05 0 0 0 0 0 0
0.191833 0.262957 1.49211 0 0 0 0 0 0 -0.191833 0.277043 0.0228885 0 0 0 0.923696 2.31146 -0.493961 0.0881758 -0.374733 0.000106465 0 0 0 0 0 0
0.188367 0.26612 1.49249 0 0 0 0 0 0 -0.188367 0.27388 0.0225095 0 0 0 0.937587 2.30928 -0.49237 0.0908112 -0.373399 0.000141372 0 0 0 0 0 0
0.184952 0.269277 1.49286 0 0 0 0 0 0 -0.184952 0.270722 0.0221434 0 0 0 0.951307 2.30681 -0.490712 0.0934484 -0.371884 0.000181514 0 0 0 0 0 0
0.181613 0.27242 1.49319 0 0 0 0 0 0 -0.181613 0.26758 0.0218108 0 0 0 0.964778 2.30405 -0.489013 0.0960367 -0.370237 0.000244346 0 0 0 0 0 0
0.178289 0.27554 1.49357 0 0 0 0 0 0 -0.178289 0.26446 0.021427 0 0 0 0.978124 2.30107 -0.487097 0.0986163 -0.368491 0.000308923 0 0 0 0 0 0
0.175034 0.278661 1.49388 0 0 0 0 0 0 -0.175034 0.261339 0.0211159 0 0 0 0.991239 2.2978 -0.485198 0.101194 -0.366699 0.000345575 0 0 0 0 0 0
0.171833 0.281759 1.49419 0 0 0 0 0 0 -0.171833 0.258241 0.0208126 0 0 0 1.00414 2.29432 -0.483224 0.103697 -0.3648 0.000432842 0 0 0 0 0 0
0.168657 0.284826 1.49452 0 0 0 0 0 0 -0.168657 0.255174 0.0204755 0 0 0 1.01686 2.29065 -0.481076 0.106181 -0.362843 0.000506145 0 0 0 0 0 0
0.165541 0.287896 1.4948 0 0 0 0 0 0 -0.165541 0.252104 0.0202041 0 0 0 1.02936 2.28672 -0.478929 0.108654 -0.36087 0.000549779 0 0 0 0 0 0
0.162483 0.290939 1.49507 0 0 0 0 0 0 -0.162483 0.249061 0.0199339 0 0 0 1.04161 2.28259 -0.476684 0.111061 -0.358827 0.000626573 0 0 0 0 0 0
0.15946 0.293965 1.49533 0 0 0 0 0 0 -0.15946 0.246035 0.0196731 0 0 0 1.05368 2.2783 -0.474384 0.11341 -0.356698 0.000675442 0 0 0 0 0 0
0.156487 0.296986 1.49554 0 0 0 0 0 0 -0.156487 0.243014 0.0194577 0 0 0 1.06554 2.2738 -0.472073 0.115757 -0.354532 0.000710349 0 0 0 0 0 0
0.15358 0.299965 1.49578 0 0 0 0 0 0 -0.15358 0.240035 0.019223 0 0 0 1.0771 2.26916 -0.469647 0.118021 -0.352279 0.000780162 0 0 0 0 0 0
0.150701 0.302941 1.496 0 0 0 0 0 0 -0.150701 0.237059 0.0189992 0 0 0 1.08851 2.26432 -0.467144 0.120264 -0.349968 0.000849975 0 0 0 0 0 0
0.147869 0.3059 1.49622 0 0 0 0 0 0 -0.147869 0.2341 0.0187818 0 0 0 1.09971 2.25934 -0.464594 0.122431 -0.347542 0.000895354 0 0 0 0 0 0
0.145105 0.308817 1.49645 0 0 0 0 0 0 -0.145105 0.231183 0.018554 0 0 0 1.1106 2.25423 -0.461949 0.12454 -0.345069 0.000958186 0 0 0 0 0 0
0.142384 0.311728 1.49664 0 0 0 0 0 0 -0.142384 0.228272 0.0183626 0 0 0 1.12129 2.24896 -0.459273 0.126631 -0.342596 0.00100531 0 0 0 0 0 0
0.139691 0.314625 1.49681 0 0 0 0 0 0 -0.139691 0.225375 0.0181868 0 0 0 1.13182 2.24358 -0.456571 0.128624 -0.340065 0.00100705 0 0 0 0 0 0
0.137059 0.317488 1.497 0 0 0 0 0 0 -0.137059 0.222512 0.0180019 0 0 0 1.14207 2.2381 -0.4538 0.130599 -0.337447 0.000998328 0 0 0 0 0 0
0.134501 0.320332 1.49717 0 0 0 0 0 0 -0.134501 0.219668 0.0178314 0 0 0 1.15203 2.23248 -0.45099 0.132507 -0.334744 0.00100705 0 0 0 0 0 0
0.131957 0.323153 1.49736 0 0 0 0 0 0 -0.131957 0.216847 0.0176427 0 0 0 1.16186 2.22678 -0.448085 0.134338 -0.332002 0.000987856 0 0 0 0 0 0
0.12946 0.32596 1.49751 0 0 0 0 0 0 -0.12946 0.21404 0.0174853 0 0 0 1.17146 2.22098 -0.445171 0.13615 -0.329249 0.00098262 0 0 0 0 0 0
0.127024 0.328745 1.49764 0 0 0 0 0 0 -0.127024 0.211255 0.0173564 0 0 0 1.18081 2.21508 -0.442256 0.137895 -0.326469 0.000949459 0 0 0 0 0 0
0.124645 0.331478 1.49782 0 0 0 0 0 0 -0.124645 0.208522 0.0171826 0 0 0 1.18988 2.20915 -0.439217 0.139611 -0.323631 0.000902335 0 0 0 0 0 0
0.12229 0.334204 1.49796 0 0 0 0 0 0 -0.12229 0.205796 0.0170449 0 0 0 1.19881 2.20315 -0.436187 0.14126 -0.320804 0.000809833 0 0 0 0 0 0
0.119976 0.336915 1.49807 0 0 0 0 0 0 -0.119976 0.203085 0.0169264 0 0 0 1.20754 2.19707 -0.433149 0.142862 -0.317936 0.000762709 0 0 0 0 0 0
0.117717 0.339599 1.49817 0 0 0 0 0 0 -0.117717 0.200401 0.0168282 0 0 0 1.21603 2.19096 -0.430128 0.144396 -0.315021 0.000734784 0 0 0 0 0 0
0.115526 0.342259 1.49826 0 0 0 0 0 0 -0.115526 0.197741 0.0167414 0 0 0 1.22425 2.18477 -0.427059 0.14592 -0.312107 0.00069115 0 0 0 0 0 0
0.113376 0.344877 1.49838 0 0 0 0 0 0 -0.113376 0.195123 0.0166167 0 0 0 1.23227 2.17857 -0.423906 0.147358 -0.309117 0.000603884 0 0 0 0 0 0
0.111225 0.34748 1.49851 0 0 0 0 0 0 -0.111225 0.19252 0.0164944 0 0 0 1.24019 2.17235 -0.420705 0.148767 -0.306153 0.00053058 0 0 0 0 0 0
0.109131 0.350056 1.49861 0 0 0 0 0 0 -0.109131 0.189944 0.0163894 0 0 0 1.24788 2.16608 -0.417483 0.150128 -0.30322 0.000486947 0 0 0 0 0 0
0.107088 0.35261 1.49868 0 0 0 0 0 0 -0.107088 0.18739 0.0163218 0 0 0 1.25536 2.15979 -0.414291 0.151414 -0.300324 0.000411898 0 0 0 0 0 0
0.105117 0.35514 1.49875 0 0 0 0 0 0 -0.105117 0.18486 0.0162532 0 0 0 1.26257 2.15347 -0.411107 0.152708 -0.297285 0.000387463 0 0 0 0 0 0
0.103188 0.357625 1.49885 0 0 0 0 0 0 -0.103188 0.182375 0.0161486 0 0 0 1.26958 2.14717 -0.407828 0.153915 -0.294247 0.000363028 0 0 0 0 0 0
0.101246 0.360096 1.49896 0 0 0 0 0 0 -0.101246 0.179904 0.0160362 0 0 0 1.27655 2.14086 -0.404511 0.155114 -0.291198 0.000263545 0 0 0 0 0 0
0.0993528 0.362533 1.49908 0 0 0 0 0 0 -0.0993528 0.177467 0.0159231 0 0 0 1.28331 2.13457 -0.401174 0.156265 -0.288149 0.000162316 0 0 0 0 0 0
0.0975164 0.364949 1.49916 0 0 0 0 0 0 -0.0975164 0.175051 0.0158362 0 0 0 1.28986 2.12825 -0.397857 0.157329 -0.28511 4.71239e-05 0 0 0 0 0 0
0.0957213 0.367345 1.49921 0 0 0 0 0 0 -0.0957213 0.172654 0.0157895 0 0 0 1.29622 2.12195 -0.394598 0.158403 -0.282108 -4.01426e-05 0 0 0 0 0 0
0.0939881 0.369699 1.49928 0 0 0 0 0 0 -0.0939881 0.170301 0.0157199 0 0 0 1.30235 2.11567 -0.391291 0.159438 -0.279089 -5.06145e-05 0 0 0 0 0 0
0.0922827 0.372028 1.49936 0 0 0 0 0 0 -0.0922827 0.167972 0.0156419 0 0 0 1.30834 2.10941 -0.387954 0.160406 -0.27605 -7.50492e-05 0 0 0 0 0 0
0.090578 0.374333 1.49946 0 0 0 0 0 0 -0.090578 0.165667 0.015542 0 0 0 1.31427 2.10316 -0.384559 0.161356 -0.27301 -8.37758e-05 0 0 0 0 0 0
0.0889133 0.376623 1.49952 0 0 0 0 0 0 -0.0889133 0.163377 0.0154799 0 0 0 1.32003 2.09693 -0.381232 0.162286 -0.269971 -9.25025e-05 0 0 0 0 0 0
0.0872881 0.378894 1.49957 0 0 0 0 0 0 -0.0872881 0.161106 0.0154324 0 0 0 1.32564 2.0907 -0.377914 0.163148 -0.266941 -0.000116937 0 0 0 0 0 0
0.0857078 0.381115 1.49964 0 0 0 0 0 0 -0.0857078 0.158885 0.0153587 0 0 0 1.33105 2.08454 -0.374549 0.163974 -0.26395 -0.000141372 0 0 0 0 0 0
0.0841703 0.38331 1.4997 0 0 0 0 0 0 -0.0841703 0.15669 0.0152967 0 0 0 1.3363 2.07841 -0.371204 0.164817 -0.260977 -0.000137881 0 0 0 0 0 0
0.0826816 0.385463 1.49983 0 0 0 0 0 0 -0.0826816 0.154537 0.0151745 0 0 0 1.34136 2.07232 -0.367753 0.16564 -0.257939 -0.000146608 0 0 0 0 0 0
0.0812207 0.387605 1.4999 0 0 0 0 0 0 -0.0812207 0.152395 0.015095 0 0 0 1.34631 2.06626 -0.364388 0.166417 -0.254909 -0.000139626 0 0 0 0 0 0
0.0797653 0.389735 1.49996 0 0 0 0 0 0 -0.0797653 0.150265 0.015039 0 0 0 1.3512 2.06021 -0.361042 0.167127 -0.251937 -0.000136136 0 0 0 0 0 0
0.0783114 0.39183 1.50004 0 0 0 0 0 0 -0.0783114 0.14817 0.0149565 0 0 0 1.35602 2.05422 -0.357658 0.167847 -0.248983 -0.000132645 0 0 0 0 0 0
0.0769006 0.393894 1.50012 0 0 0 0 0 0 -0.0769006 0.146106 0.0148833 0 0 0 1.36068 2.04829 -0.354302 0.168555 -0.24606 -0.000146608 0 0 0 0 0 0
0.0755326 0.395932 1.50019 0 0 0 0 0 0 -0.0755326 0.144068 0.0148126 0 0 0 1.36519 2.04239 -0.350937 0.169217 -0.243175 -0.000129154 0 0 0 0 0 0
0.0742088 0.397944 1.50025 0 0 0 0 0 0 -0.0742088 0.142056 0.0147498 0 0 0 1.36954 2.03654 -0.347591 0.16984 -0.240307 -0.000129154 0 0 0 0 0 0
0.072913 0.399944 1.50029 0 0 0 0 0 0 -0.072913 0.140056 0.0147119 0 0 0 1.37379 2.0307 -0.344292 0.170424 -0.23745 -0.0001309 0 0 0 0 0 0
0.0716689 0.401898 1.50036 0 0 0 0 0 0 -0.0716689 0.138102 0.0146378 0 0 0 1.37785 2.02494 -0.340947 0.17102 -0.234604 -0.0001309 0 0 0 0 0 0
0.0704338 0.403826 1.50044 0 0 0 0 0 0 -0.0704338 0.136174 0.0145576 0 0 0 1.38185 2.01924 -0.33761 0.171615 -0.231766 -0.0001309 0 0 0 0 0 0
0.0692162 0.405725 1.50055 0 0 0 0 0 0 -0.0692162 0.134275 0.0144521 0 0 0 1.38577 2.0136 -0.334255 0.172161 -0.228889 -0.000115192 0 0 0 0 0 0
0.0680049 0.407609 1.50062 0 0 0 0 0 0 -0.0680049 0.132391 0.0143781 0 0 0 1.38963 2.008 -0.330937 0.172678 -0.226118 -0.00013439 0 0 0 0 0 0
0.0667939 0.40948 1.50068 0 0 0 0 0 0 -0.0667939 0.13052 0.0143204 0 0 0 1.39346 2.00242 -0.32763 0.173158 -0.223425 -0.000125664 0 0 0 0 0 0
0.0656229 0.41132 1.50074 0 0 0 0 0 0 -0.0656229 0.12868 0.0142629 0 0 0 1.39715 1.99691 -0.324361 0.173627 -0.220721 -0.000116937 0 0 0 0 0 0
0.0644839 0.413122 1.50085 0 0 0 0 0 0 -0.0644839 0.126877 0.014148 0 0 0 1.40073 1.99147 -0.321024 0.174116 -0.21795 -0.000120428 0 0 0 0 0 0
0.0633772 0.4149 1.50095 0 0 0 0 0 0 -0.0633772 0.1251 0.0140533 0 0 0 1.40419 1.9861 -0.317744 0.174606 -0.215227 -0.000125664 0 0 0 0 0 0
0.0623067 0.416659 1.50104 0 0 0 0 0 0 -0.0623067 0.123341 0.0139635 0 0 0 1.40753 1.98076 -0.314486 0.175076 -0.212504 -0.000115192 0 0 0 0 0 0
0.0612566 0.418406 1.50109 0 0 0 0 0 0 -0.0612566 0.121594 0.0139134 0 0 0 1.4108 1.97546 -0.311302 0.175496 -0.209848 -0.000122173 0 0 0 0 0 0
0.0602336 0.420125 1.50115 0 0 0 0 0 0 -0.0602336 0.119875 0.0138508 0 0 0 1.41398 1.97021 -0.30811 0.1759 -0.207212 -0.000115192 0 0 0 0 0 0
0.0592408 0.421814 1.50123 0 0 0 0 0 0 -0.0592408 0.118186 0.0137742 0 0 0 1.41704 1.96503 -0.304899 0.176283 -0.204624 -0.000125664 0 0 0 0 0 0
0.0582622 0.423471 1.50132 0 0 0 0 0 0 -0.0582622 0.116529 0.013679 0 0 0 1.42005 1.95992 -0.301677 0.176648 -0.202072 -0.000106465 0 0 0 0 0 0
0.057288 0.425113 1.50141 0 0 0 0 0 0 -0.057288 0.114887 0.0135937 0 0 0 1.42302 1.95487 -0.298512 0.176983 -0.199495 -0.000118682 0 0 0 0 0 0
0.0563279 0.426734 1.50149 0 0 0 0 0 0 -0.0563279 0.113266 0.0135069 0 0 0 1.42592 1.94986 -0.295348 0.177348 -0.196964 -0.000115192 0 0 0 0 0 0
0.055361 0.42834 1.50157 0 0 0 0 0 0 -0.055361 0.11166 0.0134286 0 0 0 1.42882 1.9449 -0.292233 0.177741 -0.194431 -9.59931e-05 0 0 0 0 0 0
0.0544056 0.429919 1.50166 0 0 0 0 0 0 -0.0544056 0.110081 0.0133371 0 0 0 1.43166 1.94 -0.289079 0.178095 -0.191997 -0.000113446 0 0 0 0 0 0
0.0534751 0.431481 1.50175 0 0 0 0 0 0 -0.0534751 0.108519 0.0132502 0 0 0 1.43442 1.93515 -0.285963 0.178422 -0.189543 -9.77384e-05 0 0 0 0 0 0
0.0525872 0.433006 1.50186 0 0 0 0 0 0 -0.0525872 0.106994 0.0131419 0 0 0 1.43705 1.93038 -0.282846 0.178737 -0.187108 -8.37758e-05 0 0 0 0 0 0
0.0517137 0.434515 1.50196 0 0 0 0 0 0 -0.0517137 0.105485 0.0130408 0 0 0 1.43963 1.92565 -0.279759 0.179053 -0.184701 -6.98132e-05 0 0 0 0 0 0
0.050873 0.436003 1.50205 0 0 0 0 0 0 -0.050873 0.103997 0.0129547 0 0 0 1.44211 1.92098 -0.27672 0.179333 -0.182333 -4.18879e-05 0 0 0 0 0 0
0.0500485 0.437481 1.50212 0 0 0 0 0 0 -0.0500485 0.102519 0.012876 0 0 0 1.44455 1.91635 -0.273739 0.1796 -0.179898 -1.22173e-05 0 0 0 0 0 0
0.0492358 0.438938 1.50221 0 0 0 0 0 0 -0.0492358 0.101062 0.0127878 0 0 0 1.44694 1.91177 -0.270756 0.17984 -0.177491 -1.39626e-05 0 0 0 0 0 0
0.048438 0.440372 1.50231 0 0 0 0 0 0 -0.048438 0.0996278 0.0126902 0 0 0 1.44927 1.90724 -0.267767 0.18009 -0.175133 -1.74533e-06 0 0 0 0 0 0
0.0476505 0.441784 1.50239 0 0 0 0 0 0 -0.0476505 0.0982162 0.0126059 0 0 0 1.45155 1.90278 -0.264814 0.180348 -0.172861 6.98132e-06 0 0 0 0 0 0
0.0469009 0.443165 1.50251 0 0 0 0 0 0 -0.0469009 0.096835 0.0124911 0 0 0 1.45372 1.89839 -0.261841 0.180607 -0.170578 1.5708e-05 0 0 0 0 0 0
0.0461648 0.44453 1.50261 0 0 0 0 0 0 -0.0461648 0.0954704 0.0123886 0 0 0 1.45585 1.89404 -0.258916 0.180875 -0.168325 3.83972e-05 0 0 0 0 0 0
0.0454201 0.445883 1.5027 0 0 0 0 0 0 -0.0454201 0.0941168 0.0123016 0 0 0 1.45798 1.88973 -0.256012 0.181106 -0.16615 4.36332e-05 0 0 0 0 0 0
0.04469 0.447216 1.50278 0 0 0 0 0 0 -0.04469 0.0927843 0.0122209 0 0 0 1.46006 1.88549 -0.253163 0.181326 -0.163982 6.28319e-05 0 0 0 0 0 0
0.0439695 0.448527 1.50289 0 0 0 0 0 0 -0.0439695 0.091473 0.0121146 0 0 0 1.4621 1.8813 -0.250278 0.181537 -0.161836 5.23599e-05 0 0 0 0 0 0
0.0432553 0.44982 1.50299 0 0 0 0 0 0 -0.0432553 0.0901804 0.0120133 0 0 0 1.46412 1.87716 -0.247441 0.181718 -0.159698 5.58505e-05 0 0 0 0 0 0
0.0425526 0.451097 1.50309 0 0 0 0 0 0 -0.0425526 0.0889029 0.0119077 0 0 0 1.46609 1.87307 -0.244613 0.18191 -0.157568 4.36332e-05 0 0 0 0 0 0
0.041846 0.452354 1.50321 0 0 0 0 0 0 -0.041846 0.0876463 0.0117948 0 0 0 1.46806 1.86903 -0.241794 0.182094 -0.155479 1.39626e-05 0 0 0 0 0 0
0.0411462 0.453594 1.50331 0 0 0 0 0 0 -0.0411462 0.0864058 0.0116869 0 0 0 1.46999 1.86505 -0.239023 0.182275 -0.153388 -0 0 0 0 0 0 0
0.0404769 0.454823 1.50341 0 0 0 0 0 0 -0.0404769 0.0851766 0.0115923 0 0 0 1.47186 1.86111 -0.236309 0.182448 -0.15128 -4.36332e-05 0 0 0 0 0 0
0.0398351 0.456037 1.50349 0 0 0 0 0 0 -0.0398351 0.0839633 0.0115143 0 0 0 1.47364 1.85721 -0.233625 0.18263 -0.149257 -7.50492e-05 0 0 0 0 0 0
0.0392113 0.457224 1.50358 0 0 0 0 0 0 -0.0392113 0.0827756 0.0114182 0 0 0 1.47536 1.85336 -0.230921 0.182794 -0.14729 -9.25025e-05 0 0 0 0 0 0
0.0385897 0.458401 1.50365 0 0 0 0 0 0 -0.0385897 0.0815987 0.0113454 0 0 0 1.47707 1.84956 -0.228266 0.182947 -0.145393 -0.000113446 0 0 0 0 0 0
0.0379764 0.459558 1.50375 0 0 0 0 0 0 -0.0379764 0.0804421 0.0112545 0 0 0 1.47875 1.84581 -0.22561 0.183099 -0.143494 -0.000118682 0 0 0 0 0 0
0.0373914 0.4607 1.50385 0 0 0 0 0 0 -0.0373914 0.0792998 0.0111464 0 0 0 1.48036 1.8421 -0.222964 0.183233 -0.141529 -0.000122173 0 0 0 0 0 0
0.0368139 0.461819 1.50396 0 0 0 0 0 0 -0.0368139 0.0781806 0.0110419 0 0 0 1.48194 1.83846 -0.220376 0.183378 -0.139583 -0.000125664 0 0 0 0 0 0
0.0362385 0.462921 1.50407 0 0 0 0 0 0 -0.0362385 0.0770791 0.0109289 0 0 0 1.4835 1.83487 -0.217787 0.183521 -0.137675 -0.000115192 0 0 0 0 0 0
0.0356679 0.464019 1.50415 0 0 0 0 0 0 -0.0356679 0.0759805 0.010848 0 0 0 1.48505 1.8313 -0.215265 0.183685 -0.135806 -0.000122173 0 0 0 0 0 0
0.0351081 0.465091 1.50427 0 0 0 0 0 0 -0.0351081 0.0749092 0.0107346 0 0 0 1.48655 1.8278 -0.212705 0.183837 -0.133973 -0.0001309 0 0 0 0 0 0
0.0345623 0.46615 1.50438 0 0 0 0 0 0 -0.0345623 0.07385 0.0106187 0 0 0 1.48802 1.82432 -0.210146 0.183982 -0.132172 -0.000123918 0 0 0 0 0 0
0.0340168 0.467193 1.50448 0 0 0 0 0 0 -0.0340168 0.0728066 0.0105157 0 0 0 1.48948 1.82091 -0.207663 0.184117 -0.130369 -0.000118682 0 0 0 0 0 0
0.0335024 0.468222 1.50459 0 0 0 0 0 0 -0.0335024 0.0717782 0.0104111 0 0 0 1.49086 1.81754 -0.20519 0.184251 -0.128596 -0.000113446 0 0 0 0 0 0
0.0329954 0.469233 1.50469 0 0 0 0 0 0 -0.0329954 0.0707666 0.0103102 0 0 0 1.49221 1.81421 -0.202734 0.184375 -0.126889 -0.000125664 0 0 0 0 0 0
0.0324957 0.470238 1.50478 0 0 0 0 0 0 -0.0324957 0.0697617 0.0102223 0 0 0 1.49354 1.81091 -0.200329 0.18449 -0.125173 -0.00010821 0 0 0 0 0 0
0.0319993 0.471222 1.50487 0 0 0 0 0 0 -0.0319993 0.0687776 0.0101306 0 0 0 1.49486 1.80767 -0.19795 0.184595 -0.123494 -9.07571e-05 0 0 0 0 0 0
0.0315104 0.472197 1.50496 0 0 0 0 0 0 -0.0315104 0.0678034 0.0100414 0 0 0 1.49615 1.80447 -0.195611 0.184701 -0.121789 -7.33038e-05 0 0 0 0 0 0
0.0310212 0.473156 1.50506 0 0 0 0 0 0 -0.0310212 0.066844 0.00994492 0 0 0 1.49743 1.80132 -0.193273 0.184806 -0.120121 -5.58505e-05 0 0 0 0 0 0
0.0305424 0.474107 1.50516 0 0 0 0 0 0 -0.0305424 0.0658931 0.00984192 0 0 0 1.49869 1.79818 -0.190932 0.184902 -0.118452 -4.01426e-05 0 0 0 0 0 0
0.0300685 0.475044 1.50525 0 0 0 0 0 0 -0.0300685 0.0649557 0.00975168 0 0 0 1.49993 1.79509 -0.18864 0.184998 -0.116822 -8.72665e-06 0 0 0 0 0 0
0.0296005 0.475963 1.50536 0 0 0 0 0 0 -0.0296005 0.0640365 0.00964427 0 0 0 1.50114 1.79204 -0.18634 0.185094 -0.115211 5.23599e-06 0 0 0 0 0 0
0.0291333 0.476872 1.50546 0 0 0 0 0 0 -0.0291333 0.0631284 0.00953913 0 0 0 1.50235 1.78904 -0.184068 0.185199 -0.11361 1.91986e-05 0 0 0 0 0 0
0.0286863 0.477773 1.50554 0 0 0 0 0 0 -0.0286863 0.0622269 0.00945675 0 0 0 1.50351 1.78606 -0.181863 0.185286 -0.112019 3.31613e-05 0 0 0 0 0 0
0.0282393 0.478654 1.50564 0 0 0 0 0 0 -0.0282393 0.0613456 0.0093621 0 0 0 1.50466 1.78314 -0.179657 0.185382 -0.110476 4.53786e-05 0 0 0 0 0 0
0.0277846 0.479526 1.50573 0 0 0 0 0 0 -0.0277846 0.0604738 0.00926554 0 0 0 1.50582 1.78025 -0.177462 0.185459 -0.10895 5.58505e-05 0 0 0 0 0 0
0.0273447 0.480381 1.50583 0 0 0 0 0 0 -0.0273447 0.0596189 0.00916958 0 0 0 1.50695 1.77741 -0.175306 0.185555 -0.107435 5.23599e-05 0 0 0 0 0 0
0.0269151 0.481224 1.50593 0 0 0 0 0 0 -0.0269151 0.0587761 0.00907242 0 0 0 1.50804 1.7746 -0.173149 0.185631 -0.105978 5.93412e-05 0 0 0 0 0 0
0.0264963 0.482049 1.50603 0 0 0 0 0 0 -0.0264963 0.0579505 0.00896728 0 0 0 1.5091 1.77184 -0.171 0.185698 -0.10455 5.23599e-05 0 0 0 0 0 0
0.0260852 0.482872 1.50612 0 0 0 0 0 0 -0.0260852 0.0571277 0.00887895 0 0 0 1.51015 1.7691 -0.16892 0.185775 -0.103083 3.14159e-05 0 0 0 0 0 0
0.0256946 0.48368 1.50623 0 0 0 0 0 0 -0.0256946 0.0563199 0.0087738 0 0 0 1.51114 1.7664 -0.166831 0.185841 -0.101617 4.01426e-05 0 0 0 0 0 0
0.0253116 0.484476 1.50634 0 0 0 0 0 0 -0.0253116 0.0555242 0.00865519 0 0 0 1.51212 1.76373 -0.164731 0.185909 -0.100159 1.74533e-05 0 0 0 0 0 0
0.0249349 0.485259 1.50645 0 0 0 0 0 0 -0.0249349 0.0547408 0.00855398 0 0 0 1.51308 1.76111 -0.162698 0.185975 -0.0987315 1.0472e-05 0 0 0 0 0 0
0.0245641 0.486036 1.50653 0 0 0 0 0 0 -0.0245641 0.0539643 0.00847495 0 0 0 1.51402 1.75852 -0.160713 0.186033 -0.0973597 -0 0 0 0 0 0 0
0.0241989 0.486802 1.5066 0 0 0 0 0 0 -0.0241989 0.053198 0.00839865 0 0 0 1.51494 1.75595 -0.158748 0.18609 -0.0960175 -1.0472e-05 0 0 0 0 0 0
0.0238276 0.487554 1.50668 0 0 0 0 0 0 -0.0238276 0.0524457 0.00831616 0 0 0 1.51587 1.75344 -0.156811 0.186148 -0.0946667 -6.98132e-06 0 0 0 0 0 0
0.0234672 0.488296 1.50676 0 0 0 0 0 0 -0.0234672 0.0517043 0.00823724 0 0 0 1.51677 1.75095 -0.154884 0.186206 -0.0933716 -3.49066e-06 0 0 0 0 0 0
0.0231192 0.489029 1.50686 0 0 0 0 0 0 -0.0231192 0.0509708 0.00814319 0 0 0 1.51764 1.74848 -0.152938 0.186255 -0.0920679 -1.5708e-05 0 0 0 0 0 0
0.0227736 0.489746 1.50696 0 0 0 0 0 0 -0.0227736 0.0502544 0.00804257 0 0 0 1.51851 1.74607 -0.15102 0.186321 -0.0907728 -1.39626e-05 0 0 0 0 0 0
0.02243 0.490457 1.50704 0 0 0 0 0 0 -0.02243 0.0495425 0.00796342 0 0 0 1.51936 1.74368 -0.149151 0.18637 -0.0895179 -1.22173e-05 0 0 0 0 0 0
0.0221024 0.49115 1.50714 0 0 0 0 0 0 -0.0221024 0.0488502 0.00785613 0 0 0 1.52017 1.74133 -0.147252 0.186427 -0.0882805 -1.22173e-05 0 0 0 0 0 0
0.0217775 0.491843 1.50723 0 0 0 0 0 0 -0.0217775 0.0481573 0.00777245 0 0 0 1.52098 1.73899 -0.145402 0.186485 -0.0870623 1.74533e-06 0 0 0 0 0 0
0.0214428 0.492528 1.50731 0 0 0 0 0 0 -0.0214428 0.047472 0.00769007 0 0 0 1.5218 1.73668 -0.143581 0.186541 -0.0858353 1.74533e-06 0 0 0 0 0 0
0.0211201 0.493205 1.50738 0 0 0 0 0 0 -0.0211201 0.0467948 0.00762033 0 0 0 1.5226 1.7344 -0.141806 0.186579 -0.0846275 1.74533e-05 0 0 0 0 0 0
0.0208048 0.493871 1.50746 0 0 0 0 0 0 -0.0208048 0.0461292 0.00753796 0 0 0 1.52338 1.73216 -0.140024 0.186628 -0.0834302 1.5708e-05 0 0 0 0 0 0
0.020493 0.494527 1.50754 0 0 0 0 0 0 -0.020493 0.0454728 0.00745702 0 0 0 1.52414 1.72994 -0.138268 0.186686 -0.0822399 2.96706e-05 0 0 0 0 0 0
0.0201741 0.495173 1.50762 0 0 0 0 0 0 -0.0201741 0.0448266 0.00738192 0 0 0 1.52492 1.72776 -0.136553 0.186743 -0.0810618 4.36332e-05 0 0 0 0 0 0
0.0198722 0.495809 1.50771 0 0 0 0 0 0 -0.0198722 0.0441912 0.0072943 0 0 0 1.52566 1.72561 -0.134818 0.18679 -0.0799116 4.01426e-05 0 0 0 0 0 0
0.019582 0.496429 1.50781 0 0 0 0 0 0 -0.019582 0.043571 0.00718987 0 0 0 1.52637 1.72349 -0.133073 0.186839 -0.0787789 3.66519e-05 0 0 0 0 0 0
0.0192952 0.497039 1.50791 0 0 0 0 0 0 -0.0192952 0.0429607 0.00708568 0 0 0 1.52707 1.7214 -0.131346 0.186878 -0.0776672 4.88692e-05 0 0 0 0 0 0
0.0190122 0.497649 1.50798 0 0 0 0 0 0 -0.0190122 0.0423506 0.00702167 0 0 0 1.52776 1.71934 -0.129718 0.186916 -0.0765746 4.36332e-05 0 0 0 0 0 0
0.0187222 0.498246 1.50808 0 0 0 0 0 0 -0.0187222 0.0417535 0.00692296 0 0 0 1.52846 1.7173 -0.12803 0.186963 -0.0754907 3.83972e-05 0 0 0 0 0 0
0.018451 0.498837 1.50816 0 0 0 0 0 0 -0.018451 0.0411625 0.00683975 0 0 0 1.52912 1.71529 -0.126409 0.187002 -0.0743877 4.88692e-05 0 0 0 0 0 0
0.0181881 0.499414 1.50827 0 0 0 0 0 0 -0.0181881 0.0405864 0.00673413 0 0 0 1.52976 1.71332 -0.12477 0.18704 -0.0732864 4.36332e-05 0 0 0 0 0 0
0.0179217 0.499985 1.50833 0 0 0 0 0 0 -0.0179217 0.0400149 0.00666988 0 0 0 1.5304 1.71138 -0.123217 0.18707 -0.0722688 3.49066e-05 0 0 0 0 0 0
0.0176544 0.500553 1.5084 0 0 0 0 0 0 -0.0176544 0.0394466 0.00660324 0 0 0 1.53105 1.70945 -0.121663 0.187098 -0.0712531 4.36332e-05 0 0 0 0 0 0
0.0173962 0.501117 1.50846 0 0 0 0 0 0 -0.0173962 0.0388833 0.00654399 0 0 0 1.53167 1.70754 -0.120148 0.187127 -0.0702268 3.49066e-05 0 0 0 0 0 0
0.0171394 0.50167 1.50852 0 0 0 0 0 0 -0.0171394 0.0383295 0.00648177 0 0 0 1.53228 1.70565 -0.118625 0.187166 -0.0692599 2.61799e-05 0 0 0 0 0 0
0.0168919 0.502217 1.50857 0 0 0 0 0 0 -0.0168919 0.0377825 0.00642622 0 0 0 1.53288 1.70379 -0.117148 0.187204 -0.068272 3.14159e-05 0 0 0 0 0 0
0.0166425 0.50275 1.50865 0 0 0 0 0 0 -0.0166425 0.0372504 0.00635004 0 0 0 1.53347 1.70197 -0.115633 0.187232 -0.0673418 5.23599e-06 0 0 0 0 0 0
0.016393 0.503281 1.50873 0 0 0 0 0 0 -0.016393 0.0367194 0.00627208 0 0 0 1.53407 1.70015 -0.114138 0.18726 -0.0663644 -3.49066e-06 0 0 0 0 0 0
0.0161421 0.503796 1.50881 0 0 0 0 0 0 -0.0161421 0.036204 0.00618637 0 0 0 1.53466 1.69838 -0.112652 0.187279 -0.0654237 -1.39626e-05 0 0 0 0 0 0
0.0159045 0.504309 1.50889 0 0 0 0 0 0 -0.0159045 0.035691 0.00611293 0 0 0 1.53523 1.69662 -0.111204 0.187309 -0.0644847 -2.44346e-05 0 0 0 0 0 0
0.0156667 0.504812 1.50896 0 0 0 0 0 0 -0.0156667 0.035188 0.00604248 0 0 0 1.53579 1.6949 -0.109804 0.187328 -0.0635265 -1.91986e-05 0 0 0 0 0 0
0.0154366 0.505307 1.50906 0 0 0 0 0 0 -0.0154366 0.0346927 0.00594449 0 0 0 1.53634 1.69319 -0.108347 0.187356 -0.062577 -2.96706e-05 0 0 0 0 0 0
0.0152073 0.505798 1.50913 0 0 0 0 0 0 -0.0152073 0.034202 0.00586629 0 0 0 1.53689 1.69151 -0.106966 0.187375 -0.0616084 -4.01426e-05 0 0 0 0 0 0
0.0149803 0.506279 1.50922 0 0 0 0 0 0 -0.0149803 0.0337211 0.00578213 0 0 0 1.53742 1.68986 -0.105566 0.187405 -0.0607078 -5.23599e-05 0 0 0 0 0 0
0.0147516 0.506758 1.50927 0 0 0 0 0 0 -0.0147516 0.0332424 0.00572526 0 0 0 1.53796 1.68822 -0.104243 0.187424 -0.0598159 -4.88692e-05 0 0 0 0 0 0
0.0145362 0.507228 1.50934 0 0 0 0 0 0 -0.0145362 0.0327716 0.00565815 0 0 0 1.53847 1.6866 -0.102901 0.187452 -0.058952 -7.85398e-05 0 0 0 0 0 0
0.0143193 0.507693 1.50941 0 0 0 0 0 0 -0.0143193 0.0323067 0.00559008 0 0 0 1.53898 1.685 -0.101559 0.187471 -0.0581195 -7.85398e-05 0 0 0 0 0 0
0.0141062 0.508152 1.50947 0 0 0 0 0 0 -0.0141062 0.0318483 0.00553226 0 0 0 1.53947 1.68343 -0.100266 0.187501 -0.0572852 -9.25025e-05 0 0 0 0 0 0
0.0139024 0.5086 1.50954 0 0 0 0 0 0 -0.0139024 0.0314003 0.00545883 0 0 0 1.53995 1.68188 -0.0989514 0.18752 -0.0564701 -0.00010821 0 0 0 0 0 0
0.0137019 0.509044 1.5096 0 0 0 0 0 0 -0.0137019 0.0309562 0.00539696 0 0 0 1.54042 1.68035 -0.0976861 0.187548 -0.0556446 -0.00010821 0 0 0 0 0 0
0.0134968 0.509476 1.50968 0 0 0 0 0 0 -0.0134968 0.0305239 0.00532317 0 0 0 1.5409 1.67886 -0.0964207 0.187567 -0.0548295 -0.00010821 0 0 0 0 0 0
0.0132902 0.50991 1.50975 0 0 0 0 0 0 -0.0132902 0.0300896 0.00524735 0 0 0 1.54138 1.67735 -0.0951362 0.187586 -0.0540249 -0.00010821 0 0 0 0 0 0
0.013092 0.510333 1.50983 0 0 0 0 0 0 -0.013092 0.029667 0.00517488 0 0 0 1.54184 1.67589 -0.0938882 0.187605 -0.0532395 -9.42478e-05 0 0 0 0 0 0
0.0128944 0.510755 1.5099 0 0 0 0 0 0 -0.0128944 0.029245 0.00509953 0 0 0 1.5423 1.67443 -0.0926334 0.187616 -0.0524524 -9.59931e-05 0 0 0 0 0 0
0.0127094 0.511173 1.50995 0 0 0 0 0 0 -0.0127094 0.0288266 0.00505316 0 0 0 1.54273 1.67299 -0.091464 0.187635 -0.0516757 -8.20305e-05 0 0 0 0 0 0
0.0125292 0.511586 1.50999 0 0 0 0 0 0 -0.0125292 0.0284135 0.00500941 0 0 0 1.54316 1.67157 -0.0903033 0.187654 -0.0509287 -6.98132e-05 0 0 0 0 0 0
0.0123425 0.511993 1.51006 0 0 0 0 0 0 -0.0123425 0.0280069 0.00494432 0 0 0 1.54359 1.67016 -0.0890956 0.187674 -0.0501992 -5.75959e-05 0 0 0 0 0 0
0.0121499 0.512393 1.51011 0 0 0 0 0 0 -0.0121499 0.0276074 0.00488806 0 0 0 1.54403 1.66878 -0.0879349 0.187693 -0.0494714 -4.53786e-05 0 0 0 0 0 0
0.0119629 0.512781 1.51019 0 0 0 0 0 0 -0.0119629 0.0272189 0.00481451 0 0 0 1.54446 1.66743 -0.086776 0.187712 -0.0487139 -3.14159e-05 0 0 0 0 0 0
0.0117776 0.513164 1.51025 0 0 0 0 0 0 -0.0117776 0.0268362 0.00474739 0 0 0 1.54488 1.66609 -0.0856154 0.187731 -0.0480332 -6.98132e-06 0 0 0 0 0 0
0.0116035 0.51354 1.51031 0 0 0 0 0 0 -0.0116035 0.0264604 0.00468981 0 0 0 1.54528 1.6648 -0.0845315 0.18774 -0.0472949 5.23599e-06 0 0 0 0 0 0
0.0114379 0.513913 1.51036 0 0 0 0 0 0 -0.0114379 0.0260866 0.0046376 0 0 0 1.54567 1.6635 -0.083439 0.187759 -0.0466143 1.5708e-05 0 0 0 0 0 0
0.0112659 0.514288 1.51041 0 0 0 0 0 0 -0.0112659 0.0257115 0.00459051 0 0 0 1.54606 1.66221 -0.0823551 0.18777 -0.0459336 2.61799e-05 0 0 0 0 0 0
0.0111091 0.514649 1.51046 0 0 0 0 0 0 -0.0111091 0.0253509 0.00453854 0 0 0 1.54642 1.66096 -0.0813009 0.187778 -0.0452616 3.66519e-05 0 0 0 0 0 0
0.0109468 0.515007 1.51053 0 0 0 0 0 0 -0.0109468 0.0249934 0.00447285 0 0 0 1.5468 1.65971 -0.0802363 0.187789 -0.044553 4.71239e-05 0 0 0 0 0 0
0.0107939 0.515359 1.51059 0 0 0 0 0 0 -0.0107939 0.0246412 0.0044117 0 0 0 1.54715 1.65849 -0.0791821 0.187797 -0.0438811 4.18879e-05 0 0 0 0 0 0
0.01063 0.515707 1.51063 0 0 0 0 0 0 -0.01063 0.0242928 0.00436628 0 0 0 1.54753 1.65728 -0.078175 0.187808 -0.0432301 5.06145e-05 0 0 0 0 0 0
0.0104668 0.516056 1.51068 0 0 0 0 0 0 -0.0104668 0.0239442 0.00431705 0 0 0 1.5479 1.65608 -0.0771697 0.187817 -0.0425494 4.53786e-05 0 0 0 0 0 0
0.0103105 0.516392 1.51075 0 0 0 0 0 0 -0.0103105 0.0236077 0.00424755 0 0 0 1.54826 1.6549 -0.0761243 0.187836 -0.0419158 5.41052e-05 0 0 0 0 0 0
0.0101599 0.516725 1.51082 0 0 0 0 0 0 -0.0101599 0.0232753 0.0041821 0 0 0 1.5486 1.65373 -0.075098 0.187846 -0.0412927 6.28319e-05 0 0 0 0 0 0
0.010013 0.517054 1.51087 0 0 0 0 0 0 -0.010013 0.0229461 0.00413215 0 0 0 1.54894 1.65259 -0.0741294 0.187855 -0.0406609 5.58505e-05 0 0 0 0 0 0
0.00987493 0.517371 1.51094 0 0 0 0 0 0 -0.00987493 0.0226294 0.0040617 0 0 0 1.54925 1.65147 -0.0731223 0.187865 -0.0400745 4.71239e-05 0 0 0 0 0 0
0.0097367 0.51769 1.51098 0 0 0 0 0 0 -0.0097367 0.0223101 0.00401616 0 0 0 1.54957 1.65036 -0.0721746 0.187874 -0.0394898 5.23599e-05 0 0 0 0 0 0
0.00960341 0.518013 1.51101 0 0 0 0 0 0 -0.00960341 0.021987 0.00398564 0 0 0 1.54988 1.64924 -0.0712635 0.187893 -0.0388859 4.53786e-05 0 0 0 0 0 0
0.00945831 0.518325 1.51106 0 0 0 0 0 0 -0.00945831 0.0216752 0.00393891 0 0 0 1.5502 1.64815 -0.0703228 0.187893 -0.0383309 3.49066e-05 0 0 0 0 0 0
0.0093256 0.518632 1.51113 0 0 0 0 0 0 -0.0093256 0.0213681 0.00387073 0 0 0 1.55051 1.64707 -0.0693646 0.187904 -0.0377166 4.36332e-05 0 0 0 0 0 0
0.00919492 0.518931 1.51119 0 0 0 0 0 0 -0.00919492 0.0210686 0.00381422 0 0 0 1.55081 1.64602 -0.0684448 0.187913 -0.0371424 3.31613e-05 0 0 0 0 0 0
0.00906442 0.519232 1.51123 0 0 0 0 0 0 -0.00906442 0.0207684 0.00377476 0 0 0 1.5511 1.64498 -0.0675617 0.187923 -0.0365856 4.01426e-05 0 0 0 0 0 0
0.00893541 0.519523 1.5113 0 0 0 0 0 0 -0.00893541 0.0204769 0.00370193 0 0 0 1.5514 1.64395 -0.0666419 0.187932 -0.0359712 3.14159e-05 0 0 0 0 0 0
0.0088038 0.519813 1.51135 0 0 0 0 0 0 -0.0088038 0.020187 0.00365257 0 0 0 1.5517 1.64294 -0.0657692 0.187932 -0.0354057 3.66519e-05 0 0 0 0 0 0
0.00868196 0.520105 1.51137 0 0 0 0 0 0 -0.00868196 0.019895 0.00363207 0 0 0 1.55198 1.64193 -0.0649542 0.187941 -0.0348699 2.61799e-05 0 0 0 0 0 0
0.00856095 0.520383 1.51143 0 0 0 0 0 0 -0.00856095 0.0196174 0.00357318 0 0 0 1.55225 1.64096 -0.0641007 0.187951 -0.034294 1.74533e-05 0 0 0 0 0 0
0.00843703 0.52066 1.51148 0 0 0 0 0 0 -0.00843703 0.0193402 0.00351942 0 0 0 1.55253 1.63998 -0.0632193 0.18796 -0.0338053 5.23599e-06 0 0 0 0 0 0
0.00831184 0.520942 1.51151 0 0 0 0 0 0 -0.00831184 0.0190583 0.00348997 0 0 0 1.55281 1.639 -0.062385 0.18797 -0.0333253 -6.98132e-06 0 0 0 0 0 0
0.00818819 0.521217 1.51154 0 0 0 0 0 0 -0.00818819 0.0187833 0.00346482 0 0 0 1.55309 1.63805 -0.0615997 0.187979 -0.0328174 -1.91986e-05 0 0 0 0 0 0
0.00807848 0.521481 1.51158 0 0 0 0 0 0 -0.00807848 0.0185185 0.00342143 0 0 0 1.55334 1.63712 -0.0607933 0.187989 -0.0323183 -3.14159e-05 0 0 0 0 0 0
0.00795326 0.521737 1.51164 0 0 0 0 0 0 -0.00795326 0.018263 0.00335705 0 0 0 1.55362 1.63621 -0.0599503 0.187998 -0.03184 -4.36332e-05 0 0 0 0 0 0
0.00782802 0.521995 1.51169 0 0 0 0 0 0 -0.00782802 0.0180053 0.00330746 0 0 0 1.55389 1.6353 -0.0591544 0.187998 -0.0313322 -4.01426e-05 0 0 0 0 0 0
0.00771288 0.522251 1.51172 0 0 0 0 0 0 -0.00771288 0.0177492 0.00327611 0 0 0 1.55415 1.63441 -0.0584057 0.188009 -0.0308435 -5.23599e-05 0 0 0 0 0 0
0.00759627 0.522495 1.51177 0 0 0 0 0 0 -0.00759627 0.0175045 0.00322723 0 0 0 1.55441 1.63354 -0.057629 0.188017 -0.0303914 -5.06145e-05 0 0 0 0 0 0
0.00748437 0.522741 1.51183 0 0 0 0 0 0 -0.00748437 0.0172592 0.00316834 0 0 0 1.55466 1.63267 -0.0568244 0.188017 -0.0299324 -6.45772e-05 0 0 0 0 0 0
0.00737363 0.522986 1.51189 0 0 0 0 0 0 -0.00737363 0.0170138 0.00311279 0 0 0 1.55491 1.6318 -0.0560478 0.188017 -0.0294332 -6.10865e-05 0 0 0 0 0 0
0.00726142 0.523227 1.51192 0 0 0 0 0 0 -0.00726142 0.0167731 0.00307548 0 0 0 1.55516 1.63096 -0.05532 0.188028 -0.0289725 -5.93412e-05 0 0 0 0 0 0
0.00716304 0.523465 1.51196 0 0 0 0 0 0 -0.00716304 0.0165354 0.0030427 0 0 0 1.55538 1.63012 -0.0545904 0.188037 -0.0285606 -5.93412e-05 0 0 0 0 0 0
0.00706636 0.523698 1.512 0 0 0 0 0 0 -0.00706636 0.0163024 0.00299501 0 0 0 1.5556 1.6293 -0.0538626 0.188037 -0.0280911 -7.15585e-05 0 0 0 0 0 0
0.00696856 0.523928 1.51205 0 0 0 0 0 0 -0.00696856 0.0160724 0.00294685 0 0 0 1.55582 1.62849 -0.0531435 0.188047 -0.0276216 -6.98132e-05 0 0 0 0 0 0
0.00687954 0.524154 1.51208 0 0 0 0 0 0 -0.00687954 0.0158461 0.00292253 0 0 0 1.55602 1.6277 -0.0524716 0.188047 -0.0272184 -6.98132e-05 0 0 0 0 0 0
0.00677965 0.524376 1.5121 0 0 0 0 0 0 -0.00677965 0.0156236 0.00290418 0 0 0 1.55624 1.62692 -0.0518206 0.188056 -0.0268344 -6.98132e-05 0 0 0 0 0 0
0.00668577 0.524599 1.51213 0 0 0 0 0 0 -0.00668577 0.0154013 0.00286663 0 0 0 1.55645 1.62614 -0.0511381 0.188056 -0.0264033 -6.98132e-05 0 0 0 0 0 0
0.00659659 0.524815 1.51219 0 0 0 0 0 0 -0.00659659 0.0151845 0.00280809 0 0 0 1.55666 1.62537 -0.0504208 0.188066 -0.0259618 -5.23599e-05 0 0 0 0 0 0
0.00650671 0.52503 1.51224 0 0 0 0 0 0 -0.00650671 0.0149696 0.0027622 0 0 0 1.55686 1.6246 -0.0497209 0.188066 -0.0255691 -5.41052e-05 0 0 0 0 0 0
0.00640722 0.525245 1.51227 0 0 0 0 0 0 -0.00640722 0.0147553 0.00272882 0 0 0 1.55708 1.62385 -0.0490682 0.188075 -0.0251572 -5.41052e-05 0 0 0 0 0 0
0.00631376 0.525454 1.51231 0 0 0 0 0 0 -0.00631376 0.0145457 0.00268519 0 0 0 1.55729 1.62311 -0.0484259 0.188075 -0.0246964 -5.23599e-05 0 0 0 0 0 0
0.00622468 0.525661 1.51236 0 0 0 0 0 0 -0.00622468 0.0143394 0.00264275 0 0 0 1.55749 1.62238 -0.0477836 0.188085 -0.0242653 -3.49066e-05 0 0 0 0 0 0
0.00612819 0.525865 1.51239 0 0 0 0 0 0 -0.00612819 0.0141351 0.0026077 0 0 0 1.5577 1.62166 -0.0471413 0.188085 -0.0238918 -3.66519e-05 0 0 0 0 0 0
0.00603606 0.526057 1.51244 0 0 0 0 0 0 -0.00603606 0.0139427 0.00255775 0 0 0 1.5579 1.62097 -0.0464991 0.188085 -0.0235183 -2.26893e-05 0 0 0 0 0 0
0.00595026 0.526249 1.51248 0 0 0 0 0 0 -0.00595026 0.0137512 0.00251865 0 0 0 1.55809 1.6203 -0.0459039 0.188094 -0.0231151 -2.26893e-05 0 0 0 0 0 0
0.00586483 0.526448 1.5125 0 0 0 0 0 0 -0.00586483 0.0135521 0.00250304 0 0 0 1.55828 1.61961 -0.0453384 0.188094 -0.0227312 -2.44346e-05 0 0 0 0 0 0
0.00578264 0.526648 1.51252 0 0 0 0 0 0 -0.00578264 0.0133518 0.0024842 0 0 0 1.55847 1.61891 -0.0447537 0.188105 -0.0223577 -1.0472e-05 0 0 0 0 0 0
0.00570467 0.526845 1.51254 0 0 0 0 0 0 -0.00570467 0.013155 0.00246394 0 0 0 1.55864 1.61822 -0.0441586 0.188105 -0.0220226 -1.22173e-05 0 0 0 0 0 0
0.00562654 0.527033 1.51257 0 0 0 0 0 0 -0.00562654 0.0129669 0.00243354 0 0 0 1.55881 1.61755 -0.0435652 0.188105 -0.0216875 -1.5708e-05 0 0 0 0 0 0
0.00554088 0.527212 1.51261 0 0 0 0 0 0 -0.00554088 0.0127876 0.00238812 0 0 0 1.559 1.61691 -0.0429892 0.188113 -0.021293 -0 0 0 0 0 0 0
0.00545786 0.52739 1.51265 0 0 0 0 0 0 -0.00545786 0.0126097 0.00235379 0 0 0 1.55919 1.61629 -0.0424342 0.188113 -0.02093 -1.74533e-06 0 0 0 0 0 0
0.00537853 0.527569 1.51267 0 0 0 0 0 0 -0.00537853 0.0124313 0.00233293 0 0 0 1.55936 1.61566 -0.0418879 0.188113 -0.0206228 8.72665e-06 0 0 0 0 0 0
0.00530493 0.527749 1.51269 0 0 0 0 0 0 -0.00530493 0.0122507 0.00230992 0 0 0 1.55952 1.61502 -0.0413311 0.188124 -0.0203069 5.23599e-06 0 0 0 0 0 0
0.00522576 0.527923 1.51272 0 0 0 0 0 0 -0.00522576 0.0120765 0.00227547 0 0 0 1.55969 1.6144 -0.0407657 0.188124 -0.0199893 1.74533e-06 0 0 0 0 0 0
0.00514616 0.528094 1.51276 0 0 0 0 0 0 -0.00514616 0.0119062 0.00224459 0 0 0 1.55987 1.61379 -0.0402194 0.188124 -0.0196821 1.39626e-05 0 0 0 0 0 0
0.00507194 0.528264 1.51278 0 0 0 0 0 0 -0.00507194 0.011736 0.00222409 0 0 0 1.56003 1.6132 -0.039701 0.188133 -0.0193766 2.44346e-05 0 0 0 0 0 0
0.00499252 0.52843 1.5128 0 0 0 0 0 0 -0.00499252 0.0115696 0.00220406 0 0 0 1.5602 1.61261 -0.0392036 0.188133 -0.019059 2.0944e-05 0 0 0 0 0 0
0.00492313 0.528597 1.51281 0 0 0 0 0 0 -0.00492313 0.0114027 0.00218785 0 0 0 1.56036 1.61203 -0.0387131 0.188133 -0.0187431 1.74533e-05 0 0 0 0 0 0
0.00484965 0.52876 1.51284 0 0 0 0 0 0 -0.00484965 0.0112397 0.00215709 0 0 0 1.56052 1.61145 -0.0382053 0.188133 -0.018408 1.5708e-05 0 0 0 0 0 0
0.00477449 0.528917 1.51289 0 0 0 0 0 0 -0.00477449 0.0110834 0.00210798 0 0 0 1.56068 1.61089 -0.037659 0.188143 -0.0180921 2.79253e-05 0 0 0 0 0 0
0.00470427 0.529071 1.51294 0 0 0 0 0 0 -0.00470427 0.0109288 0.00206256 0 0 0 1.56084 1.61033 -0.0371214 0.188143 -0.0177936 2.26893e-05 0 0 0 0 0 0
0.00463362 0.529222 1.51297 0 0 0 0 0 0 -0.00463362 0.0107781 0.00202668 0 0 0 1.56099 1.60978 -0.0366048 0.188143 -0.0175353 3.31613e-05 0 0 0 0 0 0
0.004567 0.529377 1.51298 0 0 0 0 0 0 -0.004567 0.0106225 0.00201499 0 0 0 1.56113 1.60924 -0.036144 0.188143 -0.0172665 2.79253e-05 0 0 0 0 0 0
0.00450613 0.529533 1.513 0 0 0 0 0 0 -0.00450613 0.0104669 0.00200284 0 0 0 1.56127 1.60869 -0.035685 0.188152 -0.016989 2.26893e-05 0 0 0 0 0 0
0.00444618 0.529688 1.51302 0 0 0 0 0 0 -0.00444618 0.0103121 0.00198007 0 0 0 1.5614 1.60815 -0.0352138 0.188152 -0.0166819 3.49066e-05 0 0 0 0 0 0
0.00438154 0.52984 1.51305 0 0 0 0 0 0 -0.00438154 0.0101604 0.00195432 0 0 0 1.56154 1.60761 -0.0347443 0.188152 -0.0163747 2.96706e-05 0 0 0 0 0 0
0.00432104 0.52998 1.51309 0 0 0 0 0 0 -0.00432104 0.0100202 0.00191271 0 0 0 1.56168 1.60711 -0.034266 0.188152 -0.016078 2.61799e-05 0 0 0 0 0 0
0.00425496 0.530116 1.51312 0 0 0 0 0 0 -0.00425496 0.00988352 0.00187767 0 0 0 1.56182 1.60661 -0.0338053 0.188152 -0.0158092 2.0944e-05 0 0 0 0 0 0
0.00419833 0.530252 1.51315 0 0 0 0 0 0 -0.00419833 0.00974792 0.00185013 0 0 0 1.56195 1.60613 -0.0333742 0.188162 -0.0155317 3.14159e-05 0 0 0 0 0 0
0.00414203 0.53039 1.51316 0 0 0 0 0 0 -0.00414203 0.0096103 0.00183499 0 0 0 1.56207 1.60565 -0.0329605 0.188162 -0.0152734 2.61799e-05 0 0 0 0 0 0
0.00408109 0.530527 1.51318 0 0 0 0 0 0 -0.00408109 0.0094732 0.00182128 0 0 0 1.56221 1.60517 -0.0325678 0.188162 -0.0149854 2.0944e-05 0 0 0 0 0 0
0.00401974 0.530661 1.5132 0 0 0 0 0 0 -0.00401974 0.00933927 0.00179577 0 0 0 1.56234 1.6047 -0.0321472 0.188162 -0.0147079 1.5708e-05 0 0 0 0 0 0
0.00396304 0.530796 1.51323 0 0 0 0 0 0 -0.00396304 0.00920409 0.00176919 0 0 0 1.56246 1.60421 -0.0317057 0.188162 -0.0144583 1.0472e-05 0 0 0 0 0 0
0.0039149 0.530924 1.51327 0 0 0 0 0 0 -0.0039149 0.00907642 0.00172973 0 0 0 1.56257 1.60375 -0.0312449 0.188162 -0.0142279 3.49066e-06 0 0 0 0 0 0
0.00386208 0.531049 1.51331 0 0 0 0 0 0 -0.00386208 0.00895107 0.001688 0 0 0 1.56269 1.60329 -0.0307859 0.188162 -0.0139975 -3.49066e-06 0 0 0 0 0 0
0.00380947 0.531169 1.51335 0 0 0 0 0 0 -0.00380947 0.0088312 0.00165081 0 0 0 1.5628 1.60285 -0.0303635 0.188162 -0.0137584 -1.0472e-05 0 0 0 0 0 0
0.00375228 0.531294 1.51336 0 0 0 0 0 0 -0.00375228 0.00870639 0.00163686 0 0 0 1.56292 1.60241 -0.02999 0.188162 -0.0135176 -1.5708e-05 0 0 0 0 0 0
0.00369407 0.531419 1.51337 0 0 0 0 0 0 -0.00369407 0.0085814 0.00162649 0 0 0 1.56305 1.60197 -0.0296252 0.188171 -0.0132785 -3.83972e-05 0 0 0 0 0 0
0.00363614 0.531541 1.51338 0 0 0 0 0 0 -0.00363614 0.00845897 0.00161612 0 0 0 1.56317 1.60155 -0.0292604 0.188171 -0.0130586 -4.53786e-05 0 0 0 0 0 0
0.00358318 0.531667 1.51339 0 0 0 0 0 0 -0.00358318 0.00833255 0.00161302 0 0 0 1.56329 1.60111 -0.0289061 0.188171 -0.0128282 -5.23599e-05 0 0 0 0 0 0
0.00353014 0.531786 1.51342 0 0 0 0 0 0 -0.00353014 0.00821352 0.00158322 0 0 0 1.5634 1.60068 -0.028503 0.188171 -0.0125978 -5.75959e-05 0 0 0 0 0 0
0.00347735 0.531906 1.51344 0 0 0 0 0 0 -0.00347735 0.0080936 0.00155687 0 0 0 1.56352 1.60025 -0.0281103 0.188171 -0.0123587 -6.45772e-05 0 0 0 0 0 0
0.0034301 0.532017 1.51348 0 0 0 0 0 0 -0.0034301 0.00798279 0.00151515 0 0 0 1.56362 1.59984 -0.0277071 0.188171 -0.0121178 -7.15585e-05 0 0 0 0 0 0
0.00338213 0.532128 1.51351 0 0 0 0 0 0 -0.00338213 0.00787157 0.00148678 0 0 0 1.56373 1.59944 -0.0273441 0.188171 -0.01187 -9.25025e-05 0 0 0 0 0 0
0.00332957 0.532238 1.51354 0 0 0 0 0 0 -0.00332957 0.0077616 0.00146389 0 0 0 1.56384 1.59905 -0.026988 0.188171 -0.0116483 -8.37758e-05 0 0 0 0 0 0
0.00328623 0.53235 1.51355 0 0 0 0 0 0 -0.00328623 0.00764972 0.00145423 0 0 0 1.56394 1.59866 -0.0266616 0.188171 -0.0114284 -9.07571e-05 0 0 0 0 0 0
0.00323614 0.532463 1.51354 0 0 0 0 0 0 -0.00323614 0.00753695 0.00145555 0 0 0 1.56405 1.59827 -0.0263457 0.188171 -0.0112452 -9.94838e-05 0 0 0 0 0 0
0.00318746 0.53257 1.51355 0 0 0 0 0 0 -0.00318746 0.00742972 0.00144684 0 0 0 1.56415 1.59789 -0.0260298 0.188181 -0.0110444 -9.25025e-05 0 0 0 0 0 0
0.0031419 0.532675 1.51356 0 0 0 0 0 0 -0.0031419 0.00732517 0.00144291 0 0 0 1.56425 1.59753 -0.0257139 0.188181 -0.0108909 -0.000101229 0 0 0 0 0 0
0.0030978 0.532775 1.51358 0 0 0 0 0 0 -0.0030978 0.00722492 0.00141811 0 0 0 1.56434 1.59716 -0.0253771 0.188181 -0.0106901 -9.42478e-05 0 0 0 0 0 0
0.00305366 0.532873 1.51362 0 0 0 0 0 0 -0.00305366 0.00712681 0.0013845 0 0 0 1.56444 1.59681 -0.0250228 0.188181 -0.0104894 -8.72665e-05 0 0 0 0 0 0
0.00300954 0.532968 1.51366 0 0 0 0 0 0 -0.00300954 0.00703216 0.00134254 0 0 0 1.56454 1.59645 -0.024658 0.188181 -0.010287 -9.42478e-05 0 0 0 0 0 0
0.00296535 0.533064 1.51369 0 0 0 0 0 0 -0.00296535 0.00693566 0.00131071 0 0 0 1.56463 1.5961 -0.0243142 0.188181 -0.0100863 -8.72665e-05 0 0 0 0 0 0
0.00293084 0.533162 1.51371 0 0 0 0 0 0 -0.00293084 0.00683802 0.00128579 0 0 0 1.56471 1.59575 -0.0239773 0.188181 -0.009903 -9.59931e-05 0 0 0 0 0 0
0.00289161 0.533263 1.51372 0 0 0 0 0 0 -0.00289161 0.00673741 0.00127912 0 0 0 1.56479 1.59539 -0.0236806 0.188181 -0.00972148 -8.90118e-05 0 0 0 0 0 0
0.00285177 0.533361 1.51373 0 0 0 0 0 0 -0.00285177 0.00663853 0.00127149 0 0 0 1.56488 1.59505 -0.0233926 0.188181 -0.0095295 -8.20305e-05 0 0 0 0 0 0
0.00281221 0.533458 1.51373 0 0 0 0 0 0 -0.00281221 0.00654185 0.00126803 0 0 0 1.56497 1.59471 -0.0231151 0.188181 -0.00935671 -7.50492e-05 0 0 0 0 0 0
0.00276765 0.533554 1.51374 0 0 0 0 0 0 -0.00276765 0.00644612 0.00125659 0 0 0 1.56506 1.59437 -0.0228272 0.188181 -0.00916472 -8.37758e-05 0 0 0 0 0 0
0.00273263 0.533646 1.51376 0 0 0 0 0 0 -0.00273263 0.00635368 0.00124133 0 0 0 1.56514 1.59404 -0.0225305 0.18819 -0.00899368 -7.67945e-05 0 0 0 0 0 0
0.00269333 0.533739 1.51378 0 0 0 0 0 0 -0.00269333 0.00626123 0.00122404 0 0 0 1.56523 1.59371 -0.0222337 0.18819 -0.00881042 -6.98132e-05 0 0 0 0 0 0
0.00265363 0.533828 1.5138 0 0 0 0 0 0 -0.00265363 0.00617146 0.00119996 0 0 0 1.56531 1.59339 -0.0219353 0.18819 -0.00860971 -6.28319e-05 0 0 0 0 0 0
0.00261893 0.533915 1.51382 0 0 0 0 0 0 -0.00261893 0.00608468 0.00117552 0 0 0 1.56539 1.59308 -0.0216386 0.18819 -0.00842645 -5.58505e-05 0 0 0 0 0 0
0.00258444 0.534002 1.51385 0 0 0 0 0 0 -0.00258444 0.0059979 0.00115001 0 0 0 1.56547 1.59276 -0.0213419 0.18819 -0.00823621 -4.88692e-05 0 0 0 0 0 0
0.00254876 0.534087 1.51387 0 0 0 0 0 0 -0.00254876 0.00591296 0.00113142 0 0 0 1.56554 1.59246 -0.0210539 0.18819 -0.00808262 -5.75959e-05 0 0 0 0 0 0
0.00250778 0.534169 1.51389 0 0 0 0 0 0 -0.00250778 0.00583106 0.00111222 0 0 0 1.56563 1.59216 -0.0207659 0.18819 -0.00794823 -5.23599e-05 0 0 0 0 0 0
0.00246214 0.534251 1.5139 0 0 0 0 0 0 -0.00246214 0.00574905 0.00109851 0 0 0 1.56572 1.59187 -0.0205076 0.18819 -0.00778417 -4.71239e-05 0 0 0 0 0 0
0.00242046 0.53433 1.51391 0 0 0 0 0 0 -0.00242046 0.00567019 0.0010941 0 0 0 1.56581 1.59159 -0.0202772 0.18819 -0.00764105 -4.18879e-05 0 0 0 0 0 0
0.00238503 0.534411 1.51391 0 0 0 0 0 0 -0.00238503 0.00558907 0.00109124 0 0 0 1.56589 1.59131 -0.0200381 0.18819 -0.00750666 -5.06145e-05 0 0 0 0 0 0
0.00235332 0.534492 1.51391 0 0 0 0 0 0 -0.00235332 0.00550807 0.00108755 0 0 0 1.56595 1.59102 -0.0197973 0.18819 -0.00737227 -4.71239e-05 0 0 0 0 0 0
0.00232341 0.534571 1.51392 0 0 0 0 0 0 -0.00232341 0.00542909 0.00108087 0 0 0 1.56602 1.59075 -0.0195686 0.18819 -0.00720996 -4.01426e-05 0 0 0 0 0 0
0.0022876 0.534647 1.51394 0 0 0 0 0 0 -0.0022876 0.00535291 0.00106096 0 0 0 1.5661 1.59047 -0.0193086 0.18819 -0.00705637 -3.49066e-05 0 0 0 0 0 0
0.00225672 0.534723 1.51395 0 0 0 0 0 0 -0.00225672 0.00527745 0.0010463 0 0 0 1.56617 1.5902 -0.0190695 0.18819 -0.00689405 -2.79253e-05 0 0 0 0 0 0
0.00222619 0.534795 1.51398 0 0 0 0 0 0 -0.00222619 0.00520462 0.00102067 0 0 0 1.56623 1.58993 -0.0188007 0.18819 -0.00674919 -3.83972e-05 0 0 0 0 0 0
0.00219465 0.534865 1.51401 0 0 0 0 0 0 -0.00219465 0.00513488 0.000991344 0 0 0 1.5663 1.58967 -0.0185319 0.18819 -0.00660607 -3.31613e-05 0 0 0 0 0 0
0.00216874 0.53493 1.51404 0 0 0 0 0 0 -0.00216874 0.00507021 0.000955343 0 0 0 1.56636 1.58943 -0.0182631 0.18819 -0.00646121 -2.79253e-05 0 0 0 0 0 0
0.00213785 0.535 1.51407 0 0 0 0 0 0 -0.00213785 0.00499958 0.000932455 0 0 0 1.56642 1.58917 -0.0180048 0.18819 -0.00632682 -2.26893e-05 0 0 0 0 0 0
0.00210567 0.535069 1.51409 0 0 0 0 0 0 -0.00210567 0.00493068 0.000912189 0 0 0 1.56649 1.58891 -0.0177552 0.18819 -0.0062029 -1.74533e-05 0 0 0 0 0 0
0.00207537 0.535141 1.5141 0 0 0 0 0 0 -0.00207537 0.00485921 0.000900745 0 0 0 1.56656 1.58866 -0.0175353 0.18819 -0.00604931 -2.79253e-05 0 0 0 0 0 0
0.00204474 0.535215 1.5141 0 0 0 0 0 0 -0.00204474 0.00478452 0.000895023 0 0 0 1.56662 1.5884 -0.0173154 0.18819 -0.00590619 -2.26893e-05 0 0 0 0 0 0
0.00200854 0.53529 1.5141 0 0 0 0 0 0 -0.00200854 0.00471044 0.000898004 0 0 0 1.5667 1.58814 -0.0171234 0.18819 -0.00576133 -1.74533e-05 0 0 0 0 0 0
0.00198344 0.535359 1.51411 0 0 0 0 0 0 -0.00198344 0.00464052 0.000887871 0 0 0 1.56676 1.5879 -0.016921 0.18819 -0.00559029 -1.0472e-05 0 0 0 0 0 0
0.00195126 0.535426 1.51412 0 0 0 0 0 0 -0.00195126 0.0045737 0.000878692 0 0 0 1.56683 1.58766 -0.0167115 0.18819 -0.00546463 -5.23599e-06 0 0 0 0 0 0
0.00192524 0.535495 1.51412 0 0 0 0 0 0 -0.00192524 0.00450474 0.000875711 0 0 0 1.56689 1.58742 -0.0165195 0.18819 -0.00532151 -1.5708e-05 0 0 0 0 0 0
0.00190486 0.53556 1.51414 0 0 0 0 0 0 -0.00190486 0.00443983 0.000863433 0 0 0 1.56693 1.58719 -0.0163171 0.18819 -0.00517665 -1.0472e-05 0 0 0 0 0 0
0.00187196 0.535621 1.51415 0 0 0 0 0 0 -0.00187196 0.00437891 0.000849843 0 0 0 1.567 1.58697 -0.0161059 0.188201 -0.00507193 -6.98132e-06 0 0 0 0 0 0
0.001845 0.53568 1.51416 0 0 0 0 0 0 -0.001845 0.00431949 0.000836134 0 0 0 1.56706 1.58676 -0.0159052 0.188201 -0.00495674 -1.74533e-06 0 0 0 0 0 0
0.00181801 0.535736 1.51419 0 0 0 0 0 0 -0.00181801 0.00426358 0.000814438 0 0 0 1.56712 1.58655 -0.015694 0.188201 -0.00484154 1.74533e-06 0 0 0 0 0 0
0.00179569 0.535792 1.5142 0 0 0 0 0 0 -0.00179569 0.00420827 0.000796795 0 0 0 1.56716 1.58634 -0.0154828 0.188201 -0.00475602 5.23599e-06 0 0 0 0 0 0
0.00176808 0.535849 1.51422 0 0 0 0 0 0 -0.00176808 0.0041514 0.000783205 0 0 0 1.56722 1.58614 -0.0152821 0.188201 -0.00466003 -5.23599e-06 0 0 0 0 0 0
0.00174108 0.535905 1.51423 0 0 0 0 0 0 -0.00174108 0.00409454 0.000766277 0 0 0 1.56728 1.58593 -0.0150814 0.188201 -0.00454484 -1.74533e-06 0 0 0 0 0 0
0.00171348 0.535965 1.51424 0 0 0 0 0 0 -0.00171348 0.00403529 0.000755072 0 0 0 1.56734 1.58571 -0.0148789 0.188201 -0.00444884 1.74533e-06 0 0 0 0 0 0
0.00169148 0.536025 1.51425 0 0 0 0 0 0 -0.00169148 0.00397521 0.000748754 0 0 0 1.56738 1.5855 -0.0146869 0.188201 -0.00435285 5.23599e-06 0 0 0 0 0 0
0.00166853 0.536084 1.51425 0 0 0 0 0 0 -0.00166853 0.00391632 0.000748158 0 0 0 1.56743 1.58529 -0.0145159 0.188201 -0.00425686 8.72665e-06 0 0 0 0 0 0
0.00164118 0.53614 1.51426 0 0 0 0 0 0 -0.00164118 0.00385952 0.000742912 0 0 0 1.56749 1.58509 -0.0143431 0.188201 -0.00415214 1.22173e-05 0 0 0 0 0 0
0.00161949 0.5362 1.51426 0 0 0 0 0 0 -0.00161949 0.00380003 0.000743747 0 0 0 1.56754 1.58489 -0.0141791 0.188201 -0.00404567 1.74533e-06 0 0 0 0 0 0
0.00159713 0.536255 1.51426 0 0 0 0 0 0 -0.00159713 0.00374544 0.000737667 0 0 0 1.56758 1.58469 -0.0140167 0.188201 -0.00393048 5.23599e-06 0 0 0 0 0 0
0.00157536 0.536309 1.51427 0 0 0 0 0 0 -0.00157536 0.00369078 0.000733256 0 0 0 1.56763 1.5845 -0.0138544 0.188201 -0.00382576 1.0472e-05 0 0 0 0 0 0
0.00155237 0.536365 1.51427 0 0 0 0 0 0 -0.00155237 0.00363535 0.000734329 0 0 0 1.56768 1.58431 -0.0137008 0.188201 -0.00372977 1.39626e-05 0 0 0 0 0 0
0.00153126 0.536418 1.51427 0 0 0 0 0 0 -0.00153126 0.00358236 0.000730515 0 0 0 1.56773 1.58413 -0.013556 0.188201 -0.0036041 1.74533e-05 0 0 0 0 0 0
0.00151476 0.53647 1.51428 0 0 0 0 0 0 -0.00151476 0.00353026 0.000719786 0 0 0 1.56777 1.58394 -0.0133937 0.188201 -0.00348019 6.98132e-06 0 0 0 0 0 0
0.00149173 0.536516 1.51429 0 0 0 0 0 0 -0.00149173 0.00348443 0.0007056 0 0 0 1.56782 1.58377 -0.0132313 0.188201 -0.00338419 1.0472e-05 0 0 0 0 0 0
0.00146966 0.536567 1.5143 0 0 0 0 0 0 -0.00146966 0.00343251 0.000698566 0 0 0 1.56786 1.58359 -0.0130673 0.188201 -0.0032882 1.39626e-05 0 0 0 0 0 0
0.00144691 0.536616 1.51431 0 0 0 0 0 0 -0.00144691 0.00338352 0.000687003 0 0 0 1.56791 1.58341 -0.012905 0.188201 -0.00318348 1.91986e-05 0 0 0 0 0 0
0.00143043 0.536666 1.51432 0 0 0 0 0 0 -0.00143043 0.00333381 0.000680923 0 0 0 1.56795 1.58324 -0.0127514 0.188201 -0.00308749 2.26893e-05 0 0 0 0 0 0
0.00140739 0.536712 1.51434 0 0 0 0 0 0 -0.00140739 0.00328833 0.000662684 0 0 0 1.568 1.58307 -0.0125786 0.188201 -0.00299149 2.61799e-05 0 0 0 0 0 0
0.00138995 0.536753 1.51436 0 0 0 0 0 0 -0.00138995 0.00324672 0.000636458 0 0 0 1.56804 1.58291 -0.0123971 0.188201 -0.0028955 1.39626e-05 0 0 0 0 0 0
0.0013719 0.536799 1.51437 0 0 0 0 0 0 -0.0013719 0.00320047 0.000625491 0 0 0 1.56807 1.58274 -0.012233 0.188201 -0.00281871 1.74533e-05 0 0 0 0 0 0
0.00134977 0.536842 1.5144 0 0 0 0 0 0 -0.00134977 0.00315809 0.000603199 0 0 0 1.56812 1.58258 -0.0120602 0.188201 -0.00272271 2.0944e-05 0 0 0 0 0 0
0.00133171 0.536883 1.51441 0 0 0 0 0 0 -0.00133171 0.00311655 0.000589967 0 0 0 1.56816 1.58242 -0.0119066 0.188201 -0.00264592 2.26893e-05 0 0 0 0 0 0
0.00131426 0.536925 1.51443 0 0 0 0 0 0 -0.00131426 0.00307488 0.000574231 0 0 0 1.5682 1.58227 -0.0117548 0.188201 -0.00254993 1.22173e-05 0 0 0 0 0 0
0.00129681 0.536968 1.51444 0 0 0 0 0 0 -0.00129681 0.00303173 0.000556111 0 0 0 1.56824 1.58211 -0.0115907 0.188201 -0.00245393 1.5708e-05 0 0 0 0 0 0
0.00127372 0.537007 1.51446 0 0 0 0 0 0 -0.00127372 0.00299269 0.000536323 0 0 0 1.56828 1.58196 -0.0114371 0.188201 -0.00235794 1.91986e-05 0 0 0 0 0 0
0.00125531 0.537049 1.51447 0 0 0 0 0 0 -0.00125531 0.00295079 0.000528932 0 0 0 1.56832 1.58181 -0.011294 0.188201 -0.00229162 2.0944e-05 0 0 0 0 0 0
0.00123757 0.537092 1.51448 0 0 0 0 0 0 -0.00123757 0.00290757 0.000522852 0 0 0 1.56836 1.58166 -0.0111596 0.188201 -0.00220435 2.44346e-05 0 0 0 0 0 0
0.00121977 0.537137 1.51448 0 0 0 0 0 0 -0.00121977 0.00286335 0.000521898 0 0 0 1.5684 1.5815 -0.0110357 0.188201 -0.00211883 1.22173e-05 0 0 0 0 0 0
0.00120759 0.53718 1.51447 0 0 0 0 0 0 -0.00120759 0.00282007 0.000525832 0 0 0 1.56843 1.58136 -0.0109293 0.188201 -0.00203331 1.5708e-05 0 0 0 0 0 0
0.00118984 0.537222 1.51448 0 0 0 0 0 0 -0.00118984 0.00277829 0.00052464 0 0 0 1.56847 1.58121 -0.0108141 0.188201 -0.00194604 1.91986e-05 0 0 0 0 0 0
0.00117611 0.537263 1.51448 0 0 0 0 0 0 -0.00117611 0.00273657 0.000523686 0 0 0 1.5685 1.58107 -0.0106901 0.188201 -0.00187972 2.0944e-05 0 0 0 0 0 0
0.00115773 0.537303 1.51448 0 0 0 0 0 0 -0.00115773 0.00269729 0.000522494 0 0 0 1.56853 1.58093 -0.0105749 0.188201 -0.00181165 8.72665e-06 0 0 0 0 0 0
0.0011393 0.537343 1.51447 0 0 0 0 0 0 -0.0011393 0.00265718 0.000525713 0 0 0 1.56857 1.58079 -0.0104685 0.188201 -0.00174533 1.0472e-05 0 0 0 0 0 0
0.00112682 0.537381 1.51448 0 0 0 0 0 0 -0.00112682 0.00261861 0.000519037 0 0 0 1.5686 1.58065 -0.0103446 0.188201 -0.00166853 -1.74533e-06 0 0 0 0 0 0
0.00110843 0.537417 1.51449 0 0 0 0 0 0 -0.00110843 0.00258261 0.000510454 0 0 0 1.56864 1.58052 -0.0102206 0.188201 -0.00160047 1.74533e-06 0 0 0 0 0 0
0.00109533 0.537454 1.51449 0 0 0 0 0 0 -0.00109533 0.00254643 0.000506997 0 0 0 1.56867 1.58039 -0.0101055 0.188201 -0.00154287 -1.22173e-05 0 0 0 0 0 0
0.00108157 0.537491 1.51449 0 0 0 0 0 0 -0.00108157 0.00250888 0.000506997 0 0 0 1.5687 1.58026 -0.00999899 0.188201 -0.00147655 -8.72665e-06 0 0 0 0 0 0
0.00106819 0.537528 1.51449 0 0 0 0 0 0 -0.00106819 0.0024721 0.000505805 0 0 0 1.56872 1.58013 -0.0098838 0.188201 -0.00142768 -6.98132e-06 0 0 0 0 0 0
0.00105409 0.537561 1.5145 0 0 0 0 0 0 -0.00105409 0.0024392 0.000495315 0 0 0 1.56875 1.58001 -0.00975988 0.188201 -0.00137183 -2.0944e-05 0 0 0 0 0 0
0.00103568 0.537597 1.51451 0 0 0 0 0 0 -0.00103568 0.0024032 0.00048697 0 0 0 1.56879 1.57988 -0.00963596 0.188201 -0.00130376 -3.31613e-05 0 0 0 0 0 0
0.00101722 0.537631 1.51452 0 0 0 0 0 0 -0.00101722 0.00236875 0.000482798 0 0 0 1.56883 1.57976 -0.0095295 0.188201 -0.00123744 -3.14159e-05 0 0 0 0 0 0
0.0010041 0.537662 1.51453 0 0 0 0 0 0 -0.0010041 0.00233757 0.000472903 0 0 0 1.56886 1.57964 -0.00941431 0.188201 -0.00117984 -2.96706e-05 0 0 0 0 0 0
0.00098568 0.537695 1.51454 0 0 0 0 0 0 -0.00098568 0.00230467 0.000460505 0 0 0 1.5689 1.57952 -0.00929039 0.188201 -0.00111177 -4.18879e-05 0 0 0 0 0 0
0.000971614 0.537725 1.51455 0 0 0 0 0 0 -0.000971614 0.00227451 0.000445724 0 0 0 1.56893 1.5794 -0.00916472 0.188201 -0.00105418 -4.01426e-05 0 0 0 0 0 0
0.000958488 0.537757 1.51456 0 0 0 0 0 0 -0.000958488 0.00224322 0.000436664 0 0 0 1.56896 1.57929 -0.00905128 0.188201 -0.000996583 -3.66519e-05 0 0 0 0 0 0
0.000945031 0.537788 1.51458 0 0 0 0 0 0 -0.000945031 0.00221211 0.000423551 0 0 0 1.56898 1.57917 -0.00893609 0.188201 -0.000919789 -5.06145e-05 0 0 0 0 0 0
0.000931899 0.537818 1.51459 0 0 0 0 0 0 -0.000931899 0.00218189 0.000408769 0 0 0 1.56901 1.57906 -0.00881042 0.188201 -0.000862193 -4.71239e-05 0 0 0 0 0 0
0.000917831 0.537851 1.51459 0 0 0 0 0 0 -0.000917831 0.00214899 0.000407934 0 0 0 1.56904 1.57894 -0.00871443 0.188201 -0.000804597 -6.10865e-05 0 0 0 0 0 0
0.000904976 0.537883 1.5146 0 0 0 0 0 0 -0.000904976 0.00211692 0.000401378 0 0 0 1.56907 1.57883 -0.00860971 0.188201 -0.000738274 -5.75959e-05 0 0 0 0 0 0
0.000891175 0.537912 1.51461 0 0 0 0 0 0 -0.000891175 0.00208813 0.000390172 0 0 0 1.5691 1.57872 -0.00850324 0.188201 -0.000671952 -5.58505e-05 0 0 0 0 0 0
0.000878648 0.537943 1.51461 0 0 0 0 0 0 -0.000878648 0.00205684 0.000387669 0 0 0 1.56913 1.57861 -0.00841772 0.188201 -0.000595157 -6.80678e-05 0 0 0 0 0 0
0.000870203 0.537974 1.51461 0 0 0 0 0 0 -0.000870203 0.0020262 0.000387549 0 0 0 1.56915 1.57851 -0.0083322 0.188201 -0.000537561 -6.63225e-05 0 0 0 0 0 0
0.000851145 0.538002 1.51462 0 0 0 0 0 0 -0.000851145 0.00199836 0.000381589 0 0 0 1.56919 1.5784 -0.00823621 0.188209 -0.000488692 -6.45772e-05 0 0 0 0 0 0
0.000837331 0.538026 1.51463 0 0 0 0 0 0 -0.000837331 0.00197351 0.000371933 0 0 0 1.56922 1.57831 -0.00814894 0.188201 -0.00042237 -7.67945e-05 0 0 0 0 0 0
0.0008286 0.538055 1.51463 0 0 0 0 0 0 -0.0008286 0.00194478 0.00037086 0 0 0 1.56923 1.57821 -0.00806342 0.188209 -0.0003735 -7.50492e-05 0 0 0 0 0 0
0.000815445 0.53808 1.51464 0 0 0 0 0 0 -0.000815445 0.00191993 0.000362754 0 0 0 1.56926 1.57812 -0.00797615 0.188209 -0.000315905 -7.33038e-05 0 0 0 0 0 0
0.000806651 0.538105 1.51465 0 0 0 0 0 0 -0.000806651 0.00189525 0.000352979 0 0 0 1.56928 1.57803 -0.00788016 0.188209 -0.000268781 -7.15585e-05 0 0 0 0 0 0
0.00079228 0.538132 1.51465 0 0 0 0 0 0 -0.00079228 0.00186807 0.000346303 0 0 0 1.56931 1.57793 -0.00778417 0.188209 -0.000219911 -8.55211e-05 0 0 0 0 0 0
0.000783822 0.53816 1.51466 0 0 0 0 0 0 -0.000783822 0.00183988 0.000342965 0 0 0 1.56933 1.57783 -0.00769865 0.188209 -0.000162316 -8.20305e-05 0 0 0 0 0 0
0.000775362 0.538188 1.51466 0 0 0 0 0 0 -0.000775362 0.0018118 0.000339627 0 0 0 1.56935 1.57773 -0.00761313 0.188209 -0.00010472 -8.02851e-05 0 0 0 0 0 0
0.000761593 0.538215 1.51466 0 0 0 0 0 0 -0.000761593 0.00178456 0.000344515 0 0 0 1.56938 1.57764 -0.00754506 0.188209 -6.63225e-05 -7.85398e-05 0 0 0 0 0 0
0.000747493 0.538245 1.51464 0 0 0 0 0 0 -0.000747493 0.0017547 0.000355005 0 0 0 1.56941 1.57754 -0.00747874 0.188209 -3.83972e-05 -7.85398e-05 0 0 0 0 0 0
0.000733057 0.538271 1.51465 0 0 0 0 0 0 -0.000733057 0.00172925 0.000349402 0 0 0 1.56943 1.57745 -0.00739147 0.188209 8.72665e-06 -7.67945e-05 0 0 0 0 0 0
0.000724312 0.538297 1.51465 0 0 0 0 0 0 -0.000724312 0.00170285 0.000348449 0 0 0 1.56945 1.57735 -0.00731467 0.188209 5.75959e-05 -7.50492e-05 0 0 0 0 0 0
0.000710532 0.53832 1.51465 0 0 0 0 0 0 -0.000710532 0.00167954 0.000345111 0 0 0 1.56948 1.57727 -0.00723788 0.188209 9.59931e-05 -7.33038e-05 0 0 0 0 0 0
0.000701727 0.538345 1.51465 0 0 0 0 0 0 -0.000701727 0.00165534 0.00034523 0 0 0 1.5695 1.57719 -0.00717156 0.188209 0.000143117 -7.15585e-05 0 0 0 0 0 0
0.000692977 0.538368 1.51466 0 0 0 0 0 0 -0.000692977 0.0016315 0.000340939 0 0 0 1.56952 1.5771 -0.00709476 0.188209 0.000191986 -6.98132e-05 0 0 0 0 0 0
0.000684166 0.538389 1.51467 0 0 0 0 0 0 -0.000684166 0.0016107 0.000332952 0 0 0 1.56954 1.57702 -0.00701797 0.188209 0.00023911 -6.80678e-05 0 0 0 0 0 0
0.000675081 0.538413 1.51467 0 0 0 0 0 0 -0.000675081 0.00158656 0.000334501 0 0 0 1.56956 1.57694 -0.00695165 0.188209 0.000277507 -6.63225e-05 0 0 0 0 0 0
0.000665716 0.538437 1.51467 0 0 0 0 0 0 -0.000665716 0.00156325 0.000332713 0 0 0 1.56958 1.57686 -0.00687485 0.188209 0.000307178 -6.45772e-05 0 0 0 0 0 0
0.000656903 0.538458 1.51467 0 0 0 0 0 0 -0.000656903 0.00154173 0.000328779 0 0 0 1.5696 1.57678 -0.00680678 0.188209 0.000354302 -6.28319e-05 0 0 0 0 0 0
