0.539999 0 1.515 0 0 0 0 0 0 0 0 0 0 0 0 -0 1.5708 1.0472e-05 -0 -0 -0 0 0 0 0 0 0
0.539999 0 1.515 0 0 0 0 0 0 0 0 0 0 0 0 -0 1.5708 1.0472e-05 -0 -0 -0 0 0 0 0 0 0
0.539999 0 1.515 0 0 0 0 0 0 0 0 0 0 0 0 -0 1.5708 1.0472e-05 -0 -0 -0 0 0 0 0 0 0
0.539999 0 1.515 0 0 0 0 0 0 0 0 0 0 0 0 -0 1.5708 1.0472e-05 -0 -0 -0 0 0 0 0 0 0
0.539999 0 1.515 0 0 0 0 0 0 0 0 0 0 0 0 -0 1.5708 1.0472e-05 -0 -0 -0 0 0 0 0 0 0
0.539999 0 1.515 0 0 0 0 0 0 0 0 0 0 0 0 -0 1.5708 1.0472e-05 -0 -0 -0 0 0 0 0 0 0
0.539999 4.71238e-06 1.515 0 0 0 0 0 0 0 0 0 0 0 0 8.72665e-06 1.5708 1.0472e-05 -0 -0 -0 0 0 0 0 0 0
0.539999 3.58141e-05 1.515 0 0 0 0 0 0 0 0 0 0 0 0 6.63225e-05 1.5708 1.0472e-05 -0 -0 1.5708e-05 0 0 0 0 0 0
0.539999 0.000548521 1.515 0 0 0 0 0 0 0 0 0 0 0 0 0.00101578 1.5708 1.0472e-05 -0 -0 0.000198968 0 0 0 0 0 0
0.539995 0.00201878 1.515 0 0 0 0 0 0 0 0 0 0 0 0 0.0037385 1.5708 1.0472e-05 -0 -0 0.00184132 0 0 0 0 0 0
0.539978 0.00474719 1.515 0 0 0 0 0 0 0 0 0 0 0 0 0.00879122 1.5708 1.0472e-05 -0 -0 0.00681027 0 0 0 0 0 0
0.539925 0.00897196 1.515 0 0 0 0 0 0 0 0 0 0 0 0 0.0166155 1.5708 1.0472e-05 -0 -0 0.0151564 0 0 0 0 0 0
0.539799 0.0146857 1.515 0 0 0 0 0 0 0 0 0 0 0 0 0.0271992 1.5708 1.0472e-05 -0 -0 0.026522 0 0 0 0 0 0
0.539567 0.0215883 1.515 0 0 0 0 0 0 0 0 0 0 0 0 0.039989 1.5708 1.0472e-05 -0 -0 0.0398843 0 0 0 0 0 0
0.539198 0.0293916 1.51501 0 0 0 0 0 0 0 0 0 0 0 0 0.054456 1.5708 1.91986e-05 -0 -0 0.0546253 0 0 0 0 0 0
0.538671 0.0378811 1.515 0 0 0 0 0 0 0 0 0 0 0 0 0.0702076 1.57079 1.0472e-05 -0 -0 0.0708237 0 0 0 0 0 0
0.537968 0.0468107 1.515 0 0 0 0 0 0 0 0 0 0 0 0 0.0867952 1.5708 -1.0472e-05 -0 -0 0.0876661 0 0 0 0 0 0
0.537074 0.0561123 1.51501 0 0 0 0 0 0 0 0 0 0 0 0 0.1041 1.5708 2.96706e-05 -0 -0 0.104908 0 0 0 0 0 0
0.536001 0.065598 1.515 0 0 0 0 0 0 0 0 0 0 0 0 0.121779 1.5708 -0 -0 -0 0.122794 0 0 0 0 0 0
0.534729 0.075274 1.51501 0 0 0 0 0 0 0 0 0 0 0 0 0.139851 1.57079 1.91986e-05 -0 -0 0.140773 0 0 0 0 0 0
0.53326 0.0850526 1.515 0 0 0 0 0 0 0 0 0 0 0 0 0.158163 1.5708 -0 -0 -0 0.158813 0 0 0 0 0 0
0.531611 0.0947919 1.51502 0 0 0 0 0 0 0 0 0 0 0 0 0.176456 1.5708 4.71239e-05 -0 8.72665e-06 0.17716 0 0 0 0 0 0
0.529778 0.104588 1.51499 0 0 0 0 0 0 0 0 0 0 0 0 0.194911 1.57079 -1.0472e-05 -0 -0 0.195491 0 0 0 0 0 0
0.527763 0.1143 1.51501 0 0 0 0 0 0 0 0 0 0 0 0 0.213281 1.5708 1.91986e-05 -0 8.72665e-06 0.213745 0 0 0 0 0 0
0.525575 0.123975 1.51501 0 0 0 0 0 0 0 0 0 0 0 0 0.231651 1.5708 1.0472e-05 -0 8.72665e-06 0.232169 0 0 0 0 0 0
0.523227 0.133554 1.515 0 0 0 0 0 0 0 0 0 0 0 0 0.249914 1.57079 -0 -0 8.72665e-06 0.25027 0 0 0 0 0 0
0.520709 0.143041 1.51501 0 0 0 0 0 0 0 0 0 0 0 0 0.268091 1.5708 1.0472e-05 -0 8.72665e-06 0.2684 0 0 0 0 0 0
0.51806 0.152348 1.51501 0 0 0 0 0 0 0 0 0 0 0 0 0.286011 1.5708 1.0472e-05 -0 8.72665e-06 0.286379 0 0 0 0 0 0
0.515258 0.161588 1.515 0 0 0 0 0 0 0 0 0 0 0 0 0.303891 1.57079 1.0472e-05 -0 8.72665e-06 0.303974 0 0 0 0 0 0
0.512326 0.170651 1.515 0 0 0 0 0 0 0 0 0 0 0 0 0.321532 1.5708 -0 -0 8.72665e-06 0.3216 0 0 0 0 0 0
0.509264 0.179578 1.51501 0 0 0 0 0 0 0 0 0 0 0 0 0.339009 1.5708 1.91986e-05 -0 8.72665e-06 0.339025 0 0 0 0 0 0
0.506082 0.188364 1.515 0 0 0 0 0 0 0 0 0 0 0 0 0.356314 1.5708 -0 -0 8.72665e-06 0.356052 0 0 0 0 0 0
0.502804 0.196938 1.51502 0 0 0 0 0 0 0 0 0 0 0 0 0.373314 1.5708 3.83972e-05 -0 8.72665e-06 0.373096 0 0 0 0 0 0
0.499408 0.205405 1.51501 0 0 0 0 0 0 0 0 0 0 0 0 0.390207 1.5708 1.0472e-05 -0 8.72665e-06 0.389893 0 0 0 0 0 0
0.495928 0.213669 1.51501 0 0 0 0 0 0 0 0 0 0 0 0 0.406812 1.5708 1.0472e-05 -0 8.72665e-06 0.406536 0 0 0 0 0 0
0.492339 0.221812 1.51501 0 0 0 0 0 0 0 0 0 0 0 0 0.423293 1.5708 1.91986e-05 -0 8.72665e-06 0.423134 0 0 0 0 0 0
0.48869 0.229741 1.51501 0 0 0 0 0 0 0 0 0 0 0 0 0.439456 1.5708 1.0472e-05 -0 8.72665e-06 0.439455 0 0 0 0 0 0
0.484946 0.23754 1.51501 0 0 0 0 0 0 0 0 0 0 0 0 0.455477 1.5708 1.91986e-05 -0 8.72665e-06 0.455424 0 0 0 0 0 0
0.481141 0.245159 1.51501 0 0 0 0 0 0 0 0 0 0 0 0 0.471248 1.5708 1.0472e-05 -0 8.72665e-06 0.471162 0 0 0 0 0 0
0.477277 0.252603 1.515 0 0 0 0 0 0 0 0 0 0 0 0 0.486779 1.57079 1.0472e-05 -0 8.72665e-06 0.486703 0 0 0 0 0 0
0.473316 0.259943 1.51501 0 0 0 0 0 0 0 0 0 0 0 0 0.502225 1.5708 1.0472e-05 -0 8.72665e-06 0.50195 0 0 0 0 0 0
0.469355 0.267029 1.51501 0 0 0 0 0 0 0 0 0 0 0 0 0.517258 1.5708 1.0472e-05 -0 8.72665e-06 0.517289 0 0 0 0 0 0
0.465298 0.274036 1.51501 0 0 0 0 0 0 0 0 0 0 0 0 0.532252 1.5708 1.91986e-05 -0 8.72665e-06 0.532168 0 0 0 0 0 0
0.461205 0.280866 1.51501 0 0 0 0 0 0 0 0 0 0 0 0 0.546998 1.5708 1.91986e-05 -0 8.72665e-06 0.546911 0 0 0 0 0 0
0.457106 0.287499 1.515 0 0 0 0 0 0 0 0 0 0 0 0 0.561438 1.57079 1.0472e-05 -0 8.72665e-06 0.561544 0 0 0 0 0 0
0.452913 0.294059 1.51501 0 0 0 0 0 0 0 0 0 0 0 0 0.575856 1.57079 1.91986e-05 -0 8.72665e-06 0.575826 0 0 0 0 0 0
0.448734 0.300389 1.51501 0 0 0 0 0 0 0 0 0 0 0 0 0.589902 1.5708 1.91986e-05 -0 8.72665e-06 0.590045 0 0 0 0 0 0
0.444522 0.306597 1.515 0 0 0 0 0 0 0 0 0 0 0 0 0.603795 1.57079 1.0472e-05 -0 8.72665e-06 0.603959 0 0 0 0 0 0
0.440239 0.312711 1.51501 0 0 0 0 0 0 0 0 0 0 0 0 0.61762 1.5708 1.91986e-05 -0 8.72665e-06 0.617459 0 0 0 0 0 0
0.436003 0.318592 1.51501 0 0 0 0 0 0 0 0 0 0 0 0 0.631041 1.5708 1.0472e-05 -0 8.72665e-06 0.630743 0 0 0 0 0 0
0.431704 0.324395 1.51501 0 0 0 0 0 0 0 0 0 0 0 0 0.644416 1.57079 1.91986e-05 -0 8.72665e-06 0.643828 0 0 0 0 0 0
0.427378 0.330061 1.51502 0 0 0 0 0 0 0 0 0 0 0 0 0.657617 1.57081 1.91986e-05 -0 8.72665e-06 0.656989 0 0 0 0 0 0
0.423114 0.335521 1.515 0 0 0 0 0 0 0 0 0 0 0 0 0.670446 1.5708 -0 -0 8.72665e-06 0.670212 0 0 0 0 0 0
0.418763 0.340938 1.51501 0 0 0 0 0 0 0 0 0 0 0 0 0.683312 1.57079 1.91986e-05 -0 8.72665e-06 0.68296 0 0 0 0 0 0
0.414407 0.346196 1.51503 0 0 0 0 0 0 0 0 0 0 0 0 0.695957 1.57083 2.96706e-05 -0 8.72665e-06 0.695692 0 0 0 0 0 0
0.410142 0.351274 1.51497 0 0 0 0 0 0 0 0 0 0 0 0 0.708239 1.57078 -3.83972e-05 -0 -0 0.708284 0 0 0 0 0 0
0.405773 0.356299 1.51501 0 0 0 0 0 0 0 0 0 0 0 0 0.720568 1.57079 1.91986e-05 -0 8.72665e-06 0.720404 0 0 0 0 0 0
0.401413 0.361171 1.51505 0 0 0 0 0 0 0 0 0 0 0 0 0.732677 1.57084 5.75959e-05 -0 8.72665e-06 0.732431 0 0 0 0 0 0
0.397152 0.36589 1.51497 0 0 0 0 0 0 0 0 0 0 0 0 0.744451 1.5708 -5.75959e-05 -0 -0 0.744578 0 0 0 0 0 0
0.392808 0.37056 1.51499 0 0 0 0 0 0 0 0 0 0 0 0 0.756262 1.57076 -0 -0 8.72665e-06 0.756221 0 0 0 0 0 0
0.388445 0.375069 1.51506 0 0 0 0 0 0 0 0 0 0 0 0 0.767882 1.57087 6.63225e-05 -0 8.72665e-06 0.767666 0 0 0 0 0 0
0.384214 0.379447 1.51498 0 0 0 0 0 0 0 0 0 0 0 0 0.779157 1.57081 -6.80678e-05 -0 8.72665e-06 0.779277 0 0 0 0 0 0
0.379918 0.383769 1.51497 0 0 0 0 0 0 0 0 0 0 0 0 0.79044 1.57076 -1.91986e-05 -0 8.72665e-06 0.79043 0 0 0 0 0 0
0.375588 0.387938 1.51507 0 0 0 0 0 0 0 0 0 0 0 0 0.801572 1.57087 7.67945e-05 -0 8.72665e-06 0.801352 0 0 0 0 0 0
0.371378 0.392008 1.51499 0 0 0 0 0 0 0 0 0 0 0 0 0.812416 1.57083 -4.71239e-05 -0 8.72665e-06 0.812503 0 0 0 0 0 0
0.367152 0.396009 1.51496 0 0 0 0 0 0 0 0 0 0 0 0 0.823192 1.57074 -2.79253e-05 -0 8.72665e-06 0.823335 0 0 0 0 0 0
0.362863 0.399864 1.51508 0 0 0 0 0 0 0 0 0 0 0 0 0.833871 1.57087 9.59931e-05 -0 8.72665e-06 0.833719 0 0 0 0 0 0
0.358693 0.403628 1.51504 0 0 0 0 0 0 0 0 0 0 0 0 0.844275 1.57085 2.96706e-05 -0 8.72665e-06 0.844334 0 0 0 0 0 0
0.354547 0.407341 1.51495 0 0 0 0 0 0 0 0 0 0 0 0 0.854581 1.57073 -3.83972e-05 -0 8.72665e-06 0.85478 0 0 0 0 0 0
0.350343 0.410916 1.51504 0 0 0 0 0 0 0 0 0 0 0 0 0.8648 1.5708 7.67945e-05 -0 8.72665e-06 0.864812 0 0 0 0 0 0
0.346209 0.414382 1.51505 0 0 0 0 0 0 0 0 0 0 0 0 0.87479 1.57085 5.75959e-05 -0 8.72665e-06 0.8746 0 0 0 0 0 0
0.342123 0.417817 1.51497 0 0 0 0 0 0 0 0 0 0 0 0 0.884676 1.57075 -1.91986e-05 -0 8.72665e-06 0.884723 0 0 0 0 0 0
0.338035 0.421118 1.515 0 0 0 0 0 0 0 0 0 0 0 0 0.894406 1.57076 3.83972e-05 -0 8.72665e-06 0.89445 0 0 0 0 0 0
0.333937 0.424333 1.51506 0 0 0 0 0 0 0 0 0 0 0 0 0.904051 1.57085 6.63225e-05 -0 8.72665e-06 0.903775 0 0 0 0 0 0
0.329939 0.427474 1.51502 0 0 0 0 0 0 0 0 0 0 0 0 0.913467 1.5708 2.96706e-05 -0 8.72665e-06 0.91321 0 0 0 0 0 0
0.325953 0.430545 1.51498 0 0 0 0 0 0 0 0 0 0 0 0 0.922785 1.57076 -0 -0 8.72665e-06 0.922797 0 0 0 0 0 0
0.321948 0.433531 1.51501 0 0 0 0 0 0 0 0 0 0 0 0 0.932037 1.57079 2.96706e-05 -0 8.72665e-06 0.93191 0 0 0 0 0 0
0.317992 0.436435 1.51502 0 0 0 0 0 0 0 0 0 0 0 0 0.941125 1.5708 2.96706e-05 -0 8.72665e-06 0.940914 0 0 0 0 0 0
0.314117 0.439241 1.515 0 0 0 0 0 0 0 0 0 0 0 0 0.949984 1.57079 1.0472e-05 -0 8.72665e-06 0.94981 0 0 0 0 0 0
0.310234 0.441991 1.51501 0 0 0 0 0 0 0 0 0 0 0 0 0.958795 1.57079 1.91986e-05 -0 8.72665e-06 0.958615 0 0 0 0 0 0
0.306344 0.444695 1.51501 0 0 0 0 0 0 0 0 0 0 0 0 0.967569 1.57079 1.91986e-05 -0 8.72665e-06 0.96733 0 0 0 0 0 0
0.302529 0.447297 1.51501 0 0 0 0 0 0 0 0 0 0 0 0 0.976121 1.5708 1.91986e-05 -0 8.72665e-06 0.975857 0 0 0 0 0 0
0.298766 0.449819 1.51501 0 0 0 0 0 0 0 0 0 0 0 0 0.984509 1.5708 1.91986e-05 -0 8.72665e-06 0.984326 0 0 0 0 0 0
0.295027 0.452283 1.51501 0 0 0 0 0 0 0 0 0 0 0 0 0.992803 1.57079 1.91986e-05 -0 8.72665e-06 0.992593 0 0 0 0 0 0
0.291286 0.454706 1.515 0 0 0 0 0 0 0 0 0 0 0 0 1.00106 1.57078 1.0472e-05 -0 8.72665e-06 1.00092 0 0 0 0 0 0
0.287586 0.45705 1.51501 0 0 0 0 0 0 0 0 0 0 0 0 1.00917 1.57079 1.91986e-05 -0 8.72665e-06 1.00896 0 0 0 0 0 0
0.283919 0.45932 1.51503 0 0 0 0 0 0 0 0 0 0 0 0 1.01715 1.57083 2.96706e-05 -0 8.72665e-06 1.01695 0 0 0 0 0 0
0.280335 0.461527 1.51501 0 0 0 0 0 0 0 0 0 0 0 0 1.02495 1.5708 1.91986e-05 -0 8.72665e-06 1.02493 0 0 0 0 0 0
0.276776 0.463687 1.51499 0 0 0 0 0 0 0 0 0 0 0 0 1.03266 1.57076 1.0472e-05 -0 8.72665e-06 1.03281 0 0 0 0 0 0
0.273182 0.465807 1.515 0 0 0 0 0 0 0 0 0 0 0 0 1.04038 1.57078 1.91986e-05 -0 8.72665e-06 1.04055 0 0 0 0 0 0
0.269642 0.467855 1.51501 0 0 0 0 0 0 0 0 0 0 0 0 1.04796 1.5708 1.91986e-05 -0 8.72665e-06 1.04797 0 0 0 0 0 0
0.266188 0.469825 1.51502 0 0 0 0 0 0 0 0 0 0 0 0 1.05532 1.57081 1.91986e-05 -0 8.72665e-06 1.05536 0 0 0 0 0 0
0.262764 0.471753 1.51501 0 0 0 0 0 0 0 0 0 0 0 0 1.0626 1.5708 1.91986e-05 -0 8.72665e-06 1.06273 0 0 0 0 0 0
0.259372 0.473643 1.51499 0 0 0 0 0 0 0 0 0 0 0 0 1.06979 1.57076 1.0472e-05 -0 8.72665e-06 1.06992 0 0 0 0 0 0
0.255961 0.475487 1.515 0 0 0 0 0 0 0 0 0 0 0 0 1.07697 1.57078 1.91986e-05 -0 8.72665e-06 1.07702 0 0 0 0 0 0
0.252598 0.477267 1.51502 0 0 0 0 0 0 0 0 0 0 0 0 1.08402 1.57082 1.91986e-05 -0 8.72665e-06 1.08413 0 0 0 0 0 0
0.249306 0.478994 1.51503 0 0 0 0 0 0 0 0 0 0 0 0 1.0909 1.57082 2.96706e-05 -0 8.72665e-06 1.09088 0 0 0 0 0 0
0.246063 0.480679 1.51501 0 0 0 0 0 0 0 0 0 0 0 0 1.09767 1.5708 1.0472e-05 -0 8.72665e-06 1.09772 0 0 0 0 0 0
0.242847 0.482328 1.51498 0 0 0 0 0 0 0 0 0 0 0 0 1.10436 1.57076 -0 -0 8.72665e-06 1.10431 0 0 0 0 0 0
0.23963 0.483927 1.515 0 0 0 0 0 0 0 0 0 0 0 0 1.11101 1.57077 1.0472e-05 -0 8.72665e-06 1.11094 0 0 0 0 0 0
0.236428 0.485476 1.51503 0 0 0 0 0 0 0 0 0 0 0 0 1.1176 1.57083 2.96706e-05 -0 8.72665e-06 1.11755 0 0 0 0 0 0
0.233305 0.486986 1.51503 0 0 0 0 0 0 0 0 0 0 0 0 1.12403 1.57083 1.91986e-05 -0 8.72665e-06 1.12409 0 0 0 0 0 0
0.230247 0.488452 1.51501 0 0 0 0 0 0 0 0 0 0 0 0 1.1303 1.5708 1.0472e-05 -0 8.72665e-06 1.13031 0 0 0 0 0 0
0.227196 0.489895 1.51498 0 0 0 0 0 0 0 0 0 0 0 0 1.13655 1.57076 -0 -0 8.72665e-06 1.13659 0 0 0 0 0 0
0.224156 0.49129 1.51499 0 0 0 0 0 0 0 0 0 0 0 0 1.14275 1.57076 -0 -0 8.72665e-06 1.14269 0 0 0 0 0 0
0.221148 0.492629 1.51502 0 0 0 0 0 0 0 0 0 0 0 0 1.14885 1.57082 1.91986e-05 -0 8.72665e-06 1.14877 0 0 0 0 0 0
0.218189 0.493938 1.51504 0 0 0 0 0 0 0 0 0 0 0 0 1.15484 1.57083 3.83972e-05 -0 8.72665e-06 1.15478 0 0 0 0 0 0
0.215288 0.495225 1.51501 0 0 0 0 0 0 0 0 0 0 0 0 1.16072 1.5708 1.0472e-05 -0 8.72665e-06 1.1609 0 0 0 0 0 0
0.212428 0.496477 1.51498 0 0 0 0 0 0 0 0 0 0 0 0 1.1665 1.57076 -0 -0 8.72665e-06 1.16662 0 0 0 0 0 0
0.209559 0.497694 1.51499 0 0 0 0 0 0 0 0 0 0 0 0 1.17227 1.57076 1.0472e-05 -0 8.72665e-06 1.17233 0 0 0 0 0 0
0.206692 0.498878 1.51501 0 0 0 0 0 0 0 0 0 0 0 0 1.17801 1.57079 1.91986e-05 -0 8.72665e-06 1.178 0 0 0 0 0 0
0.203894 0.500009 1.51503 0 0 0 0 0 0 0 0 0 0 0 0 1.1836 1.57083 2.96706e-05 -0 8.72665e-06 1.18344 0 0 0 0 0 0
0.20119 0.501111 1.51502 0 0 0 0 0 0 0 0 0 0 0 0 1.18901 1.57082 1.91986e-05 -0 8.72665e-06 1.18905 0 0 0 0 0 0
0.198519 0.502199 1.51498 0 0 0 0 0 0 0 0 0 0 0 0 1.19435 1.57076 -1.0472e-05 -0 8.72665e-06 1.19459 0 0 0 0 0 0
0.195821 0.503259 1.51498 0 0 0 0 0 0 0 0 0 0 0 0 1.19972 1.57076 -0 -0 8.72665e-06 1.20008 0 0 0 0 0 0
0.193127 0.504288 1.515 0 0 0 0 0 0 0 0 0 0 0 0 1.20506 1.57078 1.91986e-05 -0 8.72665e-06 1.20513 0 0 0 0 0 0
0.190459 0.505283 1.51503 0 0 0 0 0 0 0 0 0 0 0 0 1.21033 1.57083 1.91986e-05 -0 8.72665e-06 1.21022 0 0 0 0 0 0
0.187856 0.50626 1.51502 0 0 0 0 0 0 0 0 0 0 0 0 1.21548 1.57082 1.91986e-05 -0 8.72665e-06 1.21544 0 0 0 0 0 0
0.185353 0.507192 1.51501 0 0 0 0 0 0 0 0 0 0 0 0 1.22042 1.5708 1.0472e-05 -0 8.72665e-06 1.22044 0 0 0 0 0 0
0.182904 0.508093 1.51499 0 0 0 0 0 0 0 0 0 0 0 0 1.22526 1.57076 -0 -0 8.72665e-06 1.22553 0 0 0 0 0 0
0.18043 0.50897 1.515 0 0 0 0 0 0 0 0 0 0 0 0 1.23012 1.57078 1.0472e-05 -0 8.72665e-06 1.23018 0 0 0 0 0 0
0.177895 0.509846 1.51502 0 0 0 0 0 0 0 0 0 0 0 0 1.23508 1.57082 1.91986e-05 -0 8.72665e-06 1.23473 0 0 0 0 0 0
0.175406 0.51071 1.51502 0 0 0 0 0 0 0 0 0 0 0 0 1.23996 1.57081 1.91986e-05 -0 8.72665e-06 1.2395 0 0 0 0 0 0
0.173007 0.511535 1.51501 0 0 0 0 0 0 0 0 0 0 0 0 1.24466 1.5708 1.0472e-05 -0 8.72665e-06 1.24409 0 0 0 0 0 0
0.170661 0.512325 1.515 0 0 0 0 0 0 0 0 0 0 0 0 1.24925 1.57079 1.0472e-05 -0 8.72665e-06 1.2488 0 0 0 0 0 0
0.168346 0.51309 1.515 0 0 0 0 0 0 0 0 0 0 0 0 1.25376 1.57079 1.0472e-05 -0 8.72665e-06 1.25357 0 0 0 0 0 0
0.166047 0.513836 1.51501 0 0 0 0 0 0 0 0 0 0 0 0 1.25824 1.5708 1.0472e-05 -0 8.72665e-06 1.25802 0 0 0 0 0 0
0.163772 0.514562 1.51501 0 0 0 0 0 0 0 0 0 0 0 0 1.26266 1.5708 1.91986e-05 -0 8.72665e-06 1.26247 0 0 0 0 0 0
0.161522 0.515276 1.51501 0 0 0 0 0 0 0 0 0 0 0 0 1.26703 1.5708 1.0472e-05 -0 8.72665e-06 1.26699 0 0 0 0 0 0
0.159305 0.515972 1.515 0 0 0 0 0 0 0 0 0 0 0 0 1.27133 1.57078 1.0472e-05 -0 8.72665e-06 1.2713 0 0 0 0 0 0
0.157091 0.516647 1.515 0 0 0 0 0 0 0 0 0 0 0 0 1.27562 1.57079 1.0472e-05 -0 8.72665e-06 1.27566 0 0 0 0 0 0
0.15491 0.517303 1.51501 0 0 0 0 0 0 0 0 0 0 0 0 1.27984 1.5708 1.0472e-05 -0 8.72665e-06 1.27986 0 0 0 0 0 0
0.152736 0.517948 1.51501 0 0 0 0 0 0 0 0 0 0 0 0 1.28404 1.5708 1.0472e-05 -0 8.72665e-06 1.28385 0 0 0 0 0 0
0.150609 0.518571 1.51501 0 0 0 0 0 0 0 0 0 0 0 0 1.28814 1.5708 1.0472e-05 -0 8.72665e-06 1.28795 0 0 0 0 0 0
0.14853 0.519173 1.515 0 0 0 0 0 0 0 0 0 0 0 0 1.29215 1.57079 1.0472e-05 -0 8.72665e-06 1.29215 0 0 0 0 0 0
0.146513 0.519743 1.51501 0 0 0 0 0 0 0 0 0 0 0 0 1.29603 1.5708 1.0472e-05 -0 8.72665e-06 1.29612 0 0 0 0 0 0
0.144544 0.520294 1.51501 0 0 0 0 0 0 0 0 0 0 0 0 1.29982 1.5708 1.0472e-05 -0 8.72665e-06 1.30003 0 0 0 0 0 0
0.142556 0.520841 1.51501 0 0 0 0 0 0 0 0 0 0 0 0 1.30364 1.5708 1.91986e-05 -0 8.72665e-06 1.30398 0 0 0 0 0 0
0.140568 0.521382 1.51501 0 0 0 0 0 0 0 0 0 0 0 0 1.30745 1.5708 1.0472e-05 -0 8.72665e-06 1.30778 0 0 0 0 0 0
0.138588 0.521911 1.51501 0 0 0 0 0 0 0 0 0 0 0 0 1.31125 1.5708 1.91986e-05 -0 8.72665e-06 1.31152 0 0 0 0 0 0
0.136636 0.522427 1.51501 0 0 0 0 0 0 0 0 0 0 0 0 1.31499 1.5708 1.0472e-05 -0 8.72665e-06 1.31523 0 0 0 0 0 0
0.134731 0.522921 1.51501 0 0 0 0 0 0 0 0 0 0 0 0 1.31863 1.5708 1.0472e-05 -0 8.72665e-06 1.31873 0 0 0 0 0 0
0.13285 0.523401 1.51501 0 0 0 0 0 0 0 0 0 0 0 0 1.32222 1.5708 1.91986e-05 -0 8.72665e-06 1.32211 0 0 0 0 0 0
0.130988 0.523871 1.51501 0 0 0 0 0 0 0 0 0 0 0 0 1.32578 1.5708 1.0472e-05 -0 8.72665e-06 1.32553 0 0 0 0 0 0
0.129159 0.524325 1.51501 0 0 0 0 0 0 0 0 0 0 0 0 1.32927 1.5708 1.0472e-05 -0 8.72665e-06 1.3291 0 0 0 0 0 0
0.127364 0.524763 1.51501 0 0 0 0 0 0 0 0 0 0 0 0 1.33269 1.5708 1.91986e-05 -0 8.72665e-06 1.33265 0 0 0 0 0 0
0.125632 0.525181 1.51501 0 0 0 0 0 0 0 0 0 0 0 0 1.33599 1.5708 1.0472e-05 -0 8.72665e-06 1.33593 0 0 0 0 0 0
0.123929 0.525586 1.51501 0 0 0 0 0 0 0 0 0 0 0 0 1.33923 1.5708 1.0472e-05 -0 8.72665e-06 1.33924 0 0 0 0 0 0
0.122211 0.525988 1.51501 0 0 0 0 0 0 0 0 0 0 0 0 1.3425 1.5708 1.0472e-05 -0 8.72665e-06 1.34271 0 0 0 0 0 0
0.120501 0.526383 1.51501 0 0 0 0 0 0 0 0 0 0 0 0 1.34575 1.5708 1.0472e-05 -0 8.72665e-06 1.34605 0 0 0 0 0 0
0.118799 0.526768 1.51501 0 0 0 0 0 0 0 0 0 0 0 0 1.34898 1.5708 1.91986e-05 -0 8.72665e-06 1.34911 0 0 0 0 0 0
0.117112 0.527147 1.51501 0 0 0 0 0 0 0 0 0 0 0 0 1.35219 1.5708 1.0472e-05 -0 8.72665e-06 1.35233 0 0 0 0 0 0
0.115443 0.527515 1.51501 0 0 0 0 0 0 0 0 0 0 0 0 1.35535 1.5708 1.0472e-05 -0 8.72665e-06 1.35544 0 0 0 0 0 0
0.113815 0.527869 1.51501 0 0 0 0 0 0 0 0 0 0 0 0 1.35844 1.5708 1.0472e-05 -0 8.72665e-06 1.35846 0 0 0 0 0 0
0.112209 0.528212 1.51501 0 0 0 0 0 0 0 0 0 0 0 0 1.36148 1.5708 1.0472e-05 -0 8.72665e-06 1.36135 0 0 0 0 0 0
0.110639 0.528543 1.51501 0 0 0 0 0 0 0 0 0 0 0 0 1.36445 1.5708 1.0472e-05 -0 8.72665e-06 1.36425 0 0 0 0 0 0
0.109108 0.528861 1.51501 0 0 0 0 0 0 0 0 0 0 0 0 1.36734 1.5708 1.0472e-05 -0 8.72665e-06 1.36725 0 0 0 0 0 0
0.107602 0.52917 1.51501 0 0 0 0 0 0 0 0 0 0 0 0 1.37019 1.5708 1.0472e-05 -0 8.72665e-06 1.37026 0 0 0 0 0 0
0.10611 0.529471 1.51501 0 0 0 0 0 0 0 0 0 0 0 0 1.37301 1.5708 1.0472e-05 -0 8.72665e-06 1.37311 0 0 0 0 0 0
0.104638 0.529764 1.51501 0 0 0 0 0 0 0 0 0 0 0 0 1.37579 1.5708 1.0472e-05 -0 8.72665e-06 1.37575 0 0 0 0 0 0
0.103189 0.530047 1.51501 0 0 0 0 0 0 0 0 0 0 0 0 1.37852 1.5708 1.91986e-05 -0 8.72665e-06 1.37848 0 0 0 0 0 0
0.101762 0.530324 1.51501 0 0 0 0 0 0 0 0 0 0 0 0 1.38122 1.5708 1.0472e-05 -0 8.72665e-06 1.38138 0 0 0 0 0 0
0.100348 0.530593 1.51501 0 0 0 0 0 0 0 0 0 0 0 0 1.38388 1.5708 1.0472e-05 -0 8.72665e-06 1.38422 0 0 0 0 0 0
0.0989278 0.53086 1.51501 0 0 0 0 0 0 0 0 0 0 0 0 1.38656 1.5708 1.0472e-05 -0 8.72665e-06 1.38681 0 0 0 0 0 0
0.0975126 0.531122 1.51501 0 0 0 0 0 0 0 0 0 0 0 0 1.38922 1.5708 1.0472e-05 -0 8.72665e-06 1.38939 0 0 0 0 0 0
0.0960912 0.531381 1.51501 0 0 0 0 0 0 0 0 0 0 0 0 1.3919 1.5708 1.0472e-05 -0 8.72665e-06 1.39193 0 0 0 0 0 0
0.0947053 0.531629 1.51501 0 0 0 0 0 0 0 0 0 0 0 0 1.3945 1.5708 1.0472e-05 -0 8.72665e-06 1.39448 0 0 0 0 0 0
0.0933856 0.531863 1.51501 0 0 0 0 0 0 0 0 0 0 0 0 1.39699 1.5708 1.0472e-05 -0 8.72665e-06 1.39687 0 0 0 0 0 0
0.0920848 0.53209 1.51501 0 0 0 0 0 0 0 0 0 0 0 0 1.39943 1.5708 1.0472e-05 -0 8.72665e-06 1.39931 0 0 0 0 0 0
0.0907992 0.53231 1.51501 0 0 0 0 0 0 0 0 0 0 0 0 1.40185 1.5708 1.0472e-05 -0 8.72665e-06 1.4016 0 0 0 0 0 0
0.0895224 0.532527 1.51501 0 0 0 0 0 0 0 0 0 0 0 0 1.40424 1.5708 1.0472e-05 -0 8.72665e-06 1.40407 0 0 0 0 0 0
0.0882665 0.532736 1.51501 0 0 0 0 0 0 0 0 0 0 0 0 1.4066 1.5708 1.0472e-05 -0 8.72665e-06 1.40652 0 0 0 0 0 0
0.0870306 0.53294 1.51501 0 0 0 0 0 0 0 0 0 0 0 0 1.40892 1.5708 1.0472e-05 -0 8.72665e-06 1.40898 0 0 0 0 0 0
0.0858091 0.533138 1.51501 0 0 0 0 0 0 0 0 0 0 0 0 1.41121 1.5708 1.0472e-05 -0 8.72665e-06 1.41117 0 0 0 0 0 0
0.0846225 0.533327 1.51501 0 0 0 0 0 0 0 0 0 0 0 0 1.41344 1.5708 1.0472e-05 -0 8.72665e-06 1.41335 0 0 0 0 0 0
0.0834615 0.53351 1.51501 0 0 0 0 0 0 0 0 0 0 0 0 1.41562 1.5708 1.0472e-05 -0 8.72665e-06 1.41554 0 0 0 0 0 0
0.0823001 0.53369 1.51501 0 0 0 0 0 0 0 0 0 0 0 0 1.41779 1.5708 1.91986e-05 -0 8.72665e-06 1.41774 0 0 0 0 0 0
0.0811487 0.533867 1.51501 0 0 0 0 0 0 0 0 0 0 0 0 1.41995 1.5708 1.0472e-05 -0 8.72665e-06 1.42008 0 0 0 0 0 0
0.0800071 0.534039 1.51501 0 0 0 0 0 0 0 0 0 0 0 0 1.42209 1.5708 1.0472e-05 -0 8.72665e-06 1.42234 0 0 0 0 0 0
0.0788707 0.534208 1.51501 0 0 0 0 0 0 0 0 0 0 0 0 1.42421 1.5708 1.0472e-05 -0 8.72665e-06 1.42456 0 0 0 0 0 0
0.0777489 0.534373 1.51501 0 0 0 0 0 0 0 0 0 0 0 0 1.42631 1.5708 1.0472e-05 -0 8.72665e-06 1.42649 0 0 0 0 0 0
0.0766165 0.534536 1.51501 0 0 0 0 0 0 0 0 0 0 0 0 1.42843 1.5708 1.0472e-05 -0 8.72665e-06 1.42847 0 0 0 0 0 0
0.075494 0.534696 1.51501 0 0 0 0 0 0 0 0 0 0 0 0 1.43053 1.5708 1.0472e-05 -0 8.72665e-06 1.43053 0 0 0 0 0 0
0.0744122 0.534847 1.51501 0 0 0 0 0 0 0 0 0 0 0 0 1.43256 1.5708 1.0472e-05 -0 8.72665e-06 1.43249 0 0 0 0 0 0
0.0733656 0.534992 1.51501 0 0 0 0 0 0 0 0 0 0 0 0 1.43451 1.5708 1.0472e-05 -0 8.72665e-06 1.43449 0 0 0 0 0 0
0.0723347 0.535132 1.51501 0 0 0 0 0 0 0 0 0 0 0 0 1.43644 1.5708 1.0472e-05 -0 8.72665e-06 1.43639 0 0 0 0 0 0
0.0713193 0.535269 1.51501 0 0 0 0 0 0 0 0 0 0 0 0 1.43834 1.5708 1.0472e-05 -0 8.72665e-06 1.4382 0 0 0 0 0 0
0.070313 0.535402 1.51501 0 0 0 0 0 0 0 0 0 0 0 0 1.44022 1.5708 1.0472e-05 -0 8.72665e-06 1.44006 0 0 0 0 0 0
0.069327 0.53553 1.51501 0 0 0 0 0 0 0 0 0 0 0 0 1.44206 1.5708 1.91986e-05 -0 8.72665e-06 1.44184 0 0 0 0 0 0
0.068367 0.535654 1.51501 0 0 0 0 0 0 0 0 0 0 0 0 1.44385 1.5708 1.0472e-05 -0 8.72665e-06 1.44375 0 0 0 0 0 0
0.0674115 0.535775 1.51501 0 0 0 0 0 0 0 0 0 0 0 0 1.44563 1.5708 1.0472e-05 -0 8.72665e-06 1.44578 0 0 0 0 0 0
0.0664613 0.535894 1.51501 0 0 0 0 0 0 0 0 0 0 0 0 1.44741 1.5708 1.0472e-05 -0 8.72665e-06 1.44756 0 0 0 0 0 0
0.0655211 0.536008 1.51501 0 0 0 0 0 0 0 0 0 0 0 0 1.44916 1.5708 1.91986e-05 -0 8.72665e-06 1.44937 0 0 0 0 0 0
0.0645959 0.536122 1.51501 0 0 0 0 0 0 0 0 0 0 0 0 1.45089 1.5708 1.0472e-05 -0 8.72665e-06 1.45104 0 0 0 0 0 0
0.0637013 0.536229 1.51501 0 0 0 0 0 0 0 0 0 0 0 0 1.45256 1.5708 1.0472e-05 -0 8.72665e-06 1.45254 0 0 0 0 0 0
0.0628224 0.536332 1.51501 0 0 0 0 0 0 0 0 0 0 0 0 1.45419 1.5708 1.0472e-05 -0 8.72665e-06 1.4542 0 0 0 0 0 0
0.0619536 0.536433 1.51501 0 0 0 0 0 0 0 0 0 0 0 0 1.45581 1.5708 1.0472e-05 -0 8.72665e-06 1.45598 0 0 0 0 0 0
0.0610791 0.536534 1.51501 0 0 0 0 0 0 0 0 0 0 0 0 1.45744 1.5708 1.0472e-05 -0 8.72665e-06 1.45763 0 0 0 0 0 0
0.0602193 0.536631 1.51501 0 0 0 0 0 0 0 0 0 0 0 0 1.45905 1.5708 1.0472e-05 -0 8.72665e-06 1.45929 0 0 0 0 0 0
0.0593604 0.536726 1.51501 0 0 0 0 0 0 0 0 0 0 0 0 1.46065 1.5708 1.0472e-05 -0 8.72665e-06 1.46098 0 0 0 0 0 0
0.0585163 0.536819 1.51501 0 0 0 0 0 0 0 0 0 0 0 0 1.46222 1.5708 1.0472e-05 -0 8.72665e-06 1.46251 0 0 0 0 0 0
0.0576777 0.53691 1.51501 0 0 0 0 0 0 0 0 0 0 0 0 1.46378 1.5708 1.0472e-05 -0 8.72665e-06 1.46394 0 0 0 0 0 0
0.0568539 0.536998 1.51501 0 0 0 0 0 0 0 0 0 0 0 0 1.46532 1.5708 1.0472e-05 -0 8.72665e-06 1.46546 0 0 0 0 0 0
0.0560197 0.537085 1.51501 0 0 0 0 0 0 0 0 0 0 0 0 1.46687 1.5708 1.0472e-05 -0 8.72665e-06 1.46696 0 0 0 0 0 0
0.055206 0.53717 1.51501 0 0 0 0 0 0 0 0 0 0 0 0 1.46838 1.5708 1.0472e-05 -0 8.72665e-06 1.46842 0 0 0 0 0 0
0.0544025 0.537252 1.51501 0 0 0 0 0 0 0 0 0 0 0 0 1.46988 1.5708 1.0472e-05 -0 8.72665e-06 1.46992 0 0 0 0 0 0
0.0536251 0.53733 1.51501 0 0 0 0 0 0 0 0 0 0 0 0 1.47133 1.5708 1.0472e-05 -0 8.72665e-06 1.47136 0 0 0 0 0 0
0.0528626 0.537405 1.51501 0 0 0 0 0 0 0 0 0 0 0 0 1.47275 1.5708 1.0472e-05 -0 8.72665e-06 1.4727 0 0 0 0 0 0
0.0521253 0.537477 1.51501 0 0 0 0 0 0 0 0 0 0 0 0 1.47412 1.5708 1.0472e-05 -0 8.72665e-06 1.47399 0 0 0 0 0 0
0.0514039 0.537547 1.51501 0 0 0 0 0 0 0 0 0 0 0 0 1.47546 1.5708 1.0472e-05 -0 8.72665e-06 1.47543 0 0 0 0 0 0
0.0506823 0.537615 1.51501 0 0 0 0 0 0 0 0 0 0 0 0 1.4768 1.5708 1.0472e-05 -0 8.72665e-06 1.47676 0 0 0 0 0 0
0.0499654 0.537682 1.51501 0 0 0 0 0 0 0 0 0 0 0 0 1.47814 1.5708 1.0472e-05 -0 8.72665e-06 1.47799 0 0 0 0 0 0
0.0492644 0.537747 1.51501 0 0 0 0 0 0 0 0 0 0 0 0 1.47944 1.5708 1.0472e-05 -0 8.72665e-06 1.47917 0 0 0 0 0 0
0.0485736 0.53781 1.51501 0 0 0 0 0 0 0 0 0 0 0 0 1.48072 1.5708 1.0472e-05 -0 8.72665e-06 1.48057 0 0 0 0 0 0
0.047893 0.537871 1.51501 0 0 0 0 0 0 0 0 0 0 0 0 1.48199 1.5708 1.0472e-05 -0 8.72665e-06 1.48192 0 0 0 0 0 0
0.0472124 0.537931 1.51501 0 0 0 0 0 0 0 0 0 0 0 0 1.48325 1.5708 1.0472e-05 -0 8.72665e-06 1.48324 0 0 0 0 0 0
0.0465467 0.537989 1.51501 0 0 0 0 0 0 0 0 0 0 0 0 1.48449 1.5708 1.0472e-05 -0 8.72665e-06 1.48451 0 0 0 0 0 0
0.0458865 0.538046 1.51501 0 0 0 0 0 0 0 0 0 0 0 0 1.48572 1.5708 1.0472e-05 -0 8.72665e-06 1.48583 0 0 0 0 0 0
0.0452367 0.538101 1.51501 0 0 0 0 0 0 0 0 0 0 0 0 1.48693 1.5708 1.0472e-05 -0 8.72665e-06 1.48709 0 0 0 0 0 0
0.0445924 0.538155 1.51501 0 0 0 0 0 0 0 0 0 0 0 0 1.48812 1.5708 1.0472e-05 -0 8.72665e-06 1.48824 0 0 0 0 0 0
0.0439621 0.538207 1.51501 0 0 0 0 0 0 0 0 0 0 0 0 1.48929 1.5708 1.0472e-05 -0 8.72665e-06 1.4892 0 0 0 0 0 0
0.0433534 0.538256 1.51501 0 0 0 0 0 0 0 0 0 0 0 0 1.49043 1.5708 1.0472e-05 -0 8.72665e-06 1.49029 0 0 0 0 0 0
0.0427502 0.538304 1.51501 0 0 0 0 0 0 0 0 0 0 0 0 1.49155 1.5708 1.0472e-05 -0 8.72665e-06 1.49141 0 0 0 0 0 0
0.0421564 0.538351 1.51501 0 0 0 0 0 0 0 0 0 0 0 0 1.49265 1.5708 1.0472e-05 -0 8.72665e-06 1.49256 0 0 0 0 0 0
0.0415729 0.538396 1.51501 0 0 0 0 0 0 0 0 0 0 0 0 1.49373 1.5708 1.0472e-05 -0 8.72665e-06 1.49367 0 0 0 0 0 0
0.0409894 0.538441 1.51501 0 0 0 0 0 0 0 0 0 0 0 0 1.49482 1.5708 1.0472e-05 -0 8.72665e-06 1.49477 0 0 0 0 0 0
0.0404114 0.538485 1.51501 0 0 0 0 0 0 0 0 0 0 0 0 1.49589 1.5708 1.0472e-05 -0 8.72665e-06 1.49597 0 0 0 0 0 0
0.0398277 0.538528 1.51501 0 0 0 0 0 0 0 0 0 0 0 0 1.49697 1.5708 1.0472e-05 -0 8.72665e-06 1.49721 0 0 0 0 0 0
0.0392656 0.53857 1.51501 0 0 0 0 0 0 0 0 0 0 0 0 1.49802 1.5708 1.0472e-05 -0 8.72665e-06 1.49836 0 0 0 0 0 0
0.0387026 0.53861 1.51501 0 0 0 0 0 0 0 0 0 0 0 0 1.49906 1.5708 1.0472e-05 -0 8.72665e-06 1.49928 0 0 0 0 0 0
0.0381554 0.538649 1.51501 0 0 0 0 0 0 0 0 0 0 0 0 1.50008 1.5708 1.0472e-05 -0 8.72665e-06 1.50026 0 0 0 0 0 0
0.0376073 0.538688 1.51501 0 0 0 0 0 0 0 0 0 0 0 0 1.5011 1.5708 1.0472e-05 -0 8.72665e-06 1.50128 0 0 0 0 0 0
0.0370705 0.538725 1.51501 0 0 0 0 0 0 0 0 0 0 0 0 1.50209 1.5708 1.0472e-05 -0 8.72665e-06 1.50218 0 0 0 0 0 0
0.0365335 0.538762 1.51501 0 0 0 0 0 0 0 0 0 0 0 0 1.50309 1.5708 1.0472e-05 -0 8.72665e-06 1.50307 0 0 0 0 0 0
0.0360117 0.538797 1.51501 0 0 0 0 0 0 0 0 0 0 0 0 1.50406 1.5708 1.0472e-05 -0 8.72665e-06 1.50392 0 0 0 0 0 0
0.035485 0.538832 1.51501 0 0 0 0 0 0 0 0 0 0 0 0 1.50504 1.5708 1.0472e-05 -0 8.72665e-06 1.50476 0 0 0 0 0 0
0.0349631 0.538866 1.51501 0 0 0 0 0 0 0 0 0 0 0 0 1.506 1.5708 1.0472e-05 -0 8.72665e-06 1.50569 0 0 0 0 0 0
0.0344561 0.538899 1.51501 0 0 0 0 0 0 0 0 0 0 0 0 1.50695 1.5708 1.0472e-05 -0 8.72665e-06 1.50677 0 0 0 0 0 0
0.0339708 0.538929 1.51501 0 0 0 0 0 0 0 0 0 0 0 0 1.50785 1.5708 1.0472e-05 -0 8.72665e-06 1.50784 0 0 0 0 0 0
0.0334798 0.53896 1.51501 0 0 0 0 0 0 0 0 0 0 0 0 1.50876 1.5708 1.0472e-05 -0 8.72665e-06 1.50875 0 0 0 0 0 0
0.0329944 0.53899 1.51501 0 0 0 0 0 0 0 0 0 0 0 0 1.50966 1.5708 1.0472e-05 -0 8.72665e-06 1.50953 0 0 0 0 0 0
0.0325296 0.539018 1.51501 0 0 0 0 0 0 0 0 0 0 0 0 1.51052 1.5708 1.0472e-05 -0 8.72665e-06 1.51034 0 0 0 0 0 0
0.0320743 0.539045 1.51501 0 0 0 0 0 0 0 0 0 0 0 0 1.51136 1.5708 1.91986e-05 -0 8.72665e-06 1.51128 0 0 0 0 0 0
0.0316246 0.539072 1.51501 0 0 0 0 0 0 0 0 0 0 0 0 1.5122 1.5708 1.0472e-05 -0 8.72665e-06 1.51217 0 0 0 0 0 0
0.0311852 0.539098 1.51501 0 0 0 0 0 0 0 0 0 0 0 0 1.51301 1.5708 1.0472e-05 -0 8.72665e-06 1.51303 0 0 0 0 0 0
0.0307561 0.539122 1.51501 0 0 0 0 0 0 0 0 0 0 0 0 1.51381 1.5708 1.0472e-05 -0 8.72665e-06 1.51379 0 0 0 0 0 0
0.0303223 0.539147 1.51501 0 0 0 0 0 0 0 0 0 0 0 0 1.51461 1.5708 1.0472e-05 -0 8.72665e-06 1.5145 0 0 0 0 0 0
0.0298885 0.539171 1.51501 0 0 0 0 0 0 0 0 0 0 0 0 1.51542 1.5708 1.0472e-05 -0 8.72665e-06 1.51521 0 0 0 0 0 0
0.0294594 0.539195 1.51501 0 0 0 0 0 0 0 0 0 0 0 0 1.51621 1.5708 1.0472e-05 -0 8.72665e-06 1.516 0 0 0 0 0 0
0.0290406 0.539218 1.51501 0 0 0 0 0 0 0 0 0 0 0 0 1.51699 1.5708 1.0472e-05 -0 8.72665e-06 1.51685 0 0 0 0 0 0
0.0286369 0.539239 1.51501 0 0 0 0 0 0 0 0 0 0 0 0 1.51774 1.5708 1.0472e-05 -0 8.72665e-06 1.51768 0 0 0 0 0 0
0.0282341 0.53926 1.51501 0 0 0 0 0 0 0 0 0 0 0 0 1.51849 1.5708 1.0472e-05 -0 8.72665e-06 1.51844 0 0 0 0 0 0
0.0278406 0.539281 1.51501 0 0 0 0 0 0 0 0 0 0 0 0 1.51922 1.5708 1.0472e-05 -0 8.72665e-06 1.51918 0 0 0 0 0 0
0.0274585 0.539301 1.51501 0 0 0 0 0 0 0 0 0 0 0 0 1.51993 1.5708 1.0472e-05 -0 8.72665e-06 1.51985 0 0 0 0 0 0
0.0270707 0.53932 1.51501 0 0 0 0 0 0 0 0 0 0 0 0 1.52064 1.5708 1.0472e-05 -0 8.72665e-06 1.52054 0 0 0 0 0 0
0.0266829 0.539339 1.51501 0 0 0 0 0 0 0 0 0 0 0 0 1.52136 1.5708 1.0472e-05 -0 8.72665e-06 1.52136 0 0 0 0 0 0
0.0262998 0.539358 1.51501 0 0 0 0 0 0 0 0 0 0 0 0 1.52207 1.5708 1.0472e-05 -0 8.72665e-06 1.52219 0 0 0 0 0 0
0.0259223 0.539376 1.51501 0 0 0 0 0 0 0 0 0 0 0 0 1.52277 1.5708 1.0472e-05 -0 8.72665e-06 1.52298 0 0 0 0 0 0
0.0255655 0.539394 1.51501 0 0 0 0 0 0 0 0 0 0 0 0 1.52344 1.5708 1.0472e-05 -0 8.72665e-06 1.52373 0 0 0 0 0 0
0.025204 0.539411 1.51501 0 0 0 0 0 0 0 0 0 0 0 0 1.52411 1.5708 1.0472e-05 -0 8.72665e-06 1.52433 0 0 0 0 0 0
0.0248415 0.539427 1.51501 0 0 0 0 0 0 0 0 0 0 0 0 1.52478 1.5708 1.0472e-05 -0 8.72665e-06 1.5249 0 0 0 0 0 0
0.0244847 0.539444 1.51501 0 0 0 0 0 0 0 0 0 0 0 0 1.52544 1.5708 1.0472e-05 -0 8.72665e-06 1.52544 0 0 0 0 0 0
0.0241382 0.539459 1.51501 0 0 0 0 0 0 0 0 0 0 0 0 1.52608 1.5708 1.0472e-05 -0 8.72665e-06 1.52611 0 0 0 0 0 0
0.0237974 0.539474 1.51501 0 0 0 0 0 0 0 0 0 0 0 0 1.52671 1.5708 1.0472e-05 -0 8.72665e-06 1.52679 0 0 0 0 0 0
0.0234612 0.539489 1.51501 0 0 0 0 0 0 0 0 0 0 0 0 1.52734 1.5708 1.0472e-05 -0 8.72665e-06 1.52743 0 0 0 0 0 0
0.0231241 0.539504 1.51501 0 0 0 0 0 0 0 0 0 0 0 0 1.52796 1.5708 1.0472e-05 -0 8.72665e-06 1.52806 0 0 0 0 0 0
0.0227983 0.539518 1.51501 0 0 0 0 0 0 0 0 0 0 0 0 1.52856 1.5708 1.0472e-05 -0 8.72665e-06 1.5287 0 0 0 0 0 0
0.0224782 0.539531 1.51501 0 0 0 0 0 0 0 0 0 0 0 0 1.52916 1.5708 1.0472e-05 -0 8.72665e-06 1.52926 0 0 0 0 0 0
0.0221731 0.539544 1.51501 0 0 0 0 0 0 0 0 0 0 0 0 1.52972 1.5708 1.0472e-05 -0 8.72665e-06 1.52975 0 0 0 0 0 0
0.0218727 0.539556 1.51501 0 0 0 0 0 0 0 0 0 0 0 0 1.53028 1.5708 1.0472e-05 -0 8.72665e-06 1.53021 0 0 0 0 0 0
0.0215628 0.539568 1.51501 0 0 0 0 0 0 0 0 0 0 0 0 1.53085 1.5708 1.0472e-05 -0 8.72665e-06 1.53065 0 0 0 0 0 0
0.0212568 0.539581 1.51501 0 0 0 0 0 0 0 0 0 0 0 0 1.53142 1.5708 1.0472e-05 -0 8.72665e-06 1.53123 0 0 0 0 0 0
0.0209573 0.539592 1.51501 0 0 0 0 0 0 0 0 0 0 0 0 1.53198 1.5708 1.0472e-05 -0 8.72665e-06 1.53191 0 0 0 0 0 0
0.0206569 0.539604 1.51501 0 0 0 0 0 0 0 0 0 0 0 0 1.53253 1.5708 1.0472e-05 -0 8.72665e-06 1.53255 0 0 0 0 0 0
0.0203677 0.539615 1.51501 0 0 0 0 0 0 0 0 0 0 0 0 1.53307 1.5708 1.0472e-05 -0 8.72665e-06 1.53314 0 0 0 0 0 0
0.0200777 0.539626 1.51501 0 0 0 0 0 0 0 0 0 0 0 0 1.53361 1.5708 1.0472e-05 -0 8.72665e-06 1.53367 0 0 0 0 0 0
0.0197932 0.539636 1.51501 0 0 0 0 0 0 0 0 0 0 0 0 1.53413 1.5708 1.0472e-05 -0 8.72665e-06 1.53427 0 0 0 0 0 0
0.0195031 0.539647 1.51501 0 0 0 0 0 0 0 0 0 0 0 0 1.53467 1.5708 1.0472e-05 -0 8.72665e-06 1.53478 0 0 0 0 0 0
0.0192187 0.539657 1.51501 0 0 0 0 0 0 0 0 0 0 0 0 1.5352 1.5708 1.0472e-05 -0 8.72665e-06 1.53527 0 0 0 0 0 0
0.0189446 0.539667 1.51501 0 0 0 0 0 0 0 0 0 0 0 0 1.53571 1.5708 1.0472e-05 -0 8.72665e-06 1.53576 0 0 0 0 0 0
0.0186809 0.539676 1.51501 0 0 0 0 0 0 0 0 0 0 0 0 1.5362 1.5708 1.0472e-05 -0 8.72665e-06 1.53628 0 0 0 0 0 0
0.0184171 0.539685 1.51501 0 0 0 0 0 0 0 0 0 0 0 0 1.53668 1.5708 1.0472e-05 -0 8.72665e-06 1.53682 0 0 0 0 0 0
0.0181581 0.539694 1.51501 0 0 0 0 0 0 0 0 0 0 0 0 1.53716 1.5708 1.0472e-05 -0 8.72665e-06 1.53737 0 0 0 0 0 0
0.0178991 0.539702 1.51501 0 0 0 0 0 0 0 0 0 0 0 0 1.53764 1.5708 1.0472e-05 -0 8.72665e-06 1.53786 0 0 0 0 0 0
0.017641 0.539711 1.51501 0 0 0 0 0 0 0 0 0 0 0 0 1.53812 1.5708 1.0472e-05 -0 8.72665e-06 1.53835 0 0 0 0 0 0
0.0173819 0.539719 1.515 0 0 0 0 0 0 0 0 0 0 0 0 1.5386 1.5708 1.0472e-05 -0 -0 1.53881 0 0 0 0 0 0
0.0171389 0.539727 1.51501 0 0 0 0 0 0 0 0 0 0 0 0 1.53905 1.5708 1.0472e-05 -0 8.72665e-06 1.53927 0 0 0 0 0 0
0.0168902 0.539735 1.515 0 0 0 0 0 0 0 0 0 0 0 0 1.53951 1.5708 1.0472e-05 -0 -0 1.5397 0 0 0 0 0 0
0.0166528 0.539742 1.515 0 0 0 0 0 0 0 0 0 0 0 0 1.53995 1.5708 1.0472e-05 -0 -0 1.54009 0 0 0 0 0 0
0.0164088 0.53975 1.515 0 0 0 0 0 0 0 0 0 0 0 0 1.5404 1.5708 1.0472e-05 -0 -0 1.54042 0 0 0 0 0 0
0.0161714 0.539757 1.515 0 0 0 0 0 0 0 0 0 0 0 0 1.54084 1.5708 1.0472e-05 -0 -0 1.54075 0 0 0 0 0 0
0.0159331 0.539764 1.515 0 0 0 0 0 0 0 0 0 0 0 0 1.54129 1.5708 1.0472e-05 -0 -0 1.54111 0 0 0 0 0 0
0.0157107 0.53977 1.515 0 0 0 0 0 0 0 0 0 0 0 0 1.5417 1.5708 1.0472e-05 -0 -0 1.54156 0 0 0 0 0 0
0.0154884 0.539777 1.515 0 0 0 0 0 0 0 0 0 0 0 0 1.54211 1.5708 1.0472e-05 -0 -0 1.54203 0 0 0 0 0 0
0.0152708 0.539783 1.515 0 0 0 0 0 0 0 0 0 0 0 0 1.54251 1.5708 1.0472e-05 -0 -0 1.54248 0 0 0 0 0 0
0.0150588 0.539789 1.515 0 0 0 0 0 0 0 0 0 0 0 0 1.54291 1.5708 1.0472e-05 -0 -0 1.54291 0 0 0 0 0 0
0.0148412 0.539795 1.515 0 0 0 0 0 0 0 0 0 0 0 0 1.54331 1.5708 1.0472e-05 -0 -0 1.54328 0 0 0 0 0 0
0.0146292 0.539801 1.515 0 0 0 0 0 0 0 0 0 0 0 0 1.5437 1.5708 1.0472e-05 -0 -0 1.54369 0 0 0 0 0 0
0.0144116 0.539807 1.515 0 0 0 0 0 0 0 0 0 0 0 0 1.54411 1.5708 1.0472e-05 -0 -0 1.54404 0 0 0 0 0 0
0.0141996 0.539812 1.515 0 0 0 0 0 0 0 0 0 0 0 0 1.5445 1.5708 1.0472e-05 -0 -0 1.54444 0 0 0 0 0 0
0.0139876 0.539818 1.515 0 0 0 0 0 0 0 0 0 0 0 0 1.54489 1.5708 1.0472e-05 -0 -0 1.54486 0 0 0 0 0 0
0.013785 0.539823 1.515 0 0 0 0 0 0 0 0 0 0 0 0 1.54527 1.5708 1.0472e-05 -0 -0 1.54518 0 0 0 0 0 0
0.0135891 0.539828 1.515 0 0 0 0 0 0 0 0 0 0 0 0 1.54563 1.5708 1.0472e-05 -0 -0 1.54549 0 0 0 0 0 0
0.0133969 0.539833 1.515 0 0 0 0 0 0 0 0 0 0 0 0 1.54598 1.5708 1.0472e-05 -0 -0 1.54582 0 0 0 0 0 0
0.0132113 0.539837 1.515 0 0 0 0 0 0 0 0 0 0 0 0 1.54633 1.5708 1.0472e-05 -0 -0 1.54613 0 0 0 0 0 0
0.0130351 0.539842 1.515 0 0 0 0 0 0 0 0 0 0 0 0 1.54665 1.5708 1.0472e-05 -0 -0 1.54653 0 0 0 0 0 0
0.0128485 0.539846 1.515 0 0 0 0 0 0 0 0 0 0 0 0 1.547 1.5708 1.0472e-05 -0 -0 1.5469 0 0 0 0 0 0
0.0126676 0.53985 1.515 0 0 0 0 0 0 0 0 0 0 0 0 1.54734 1.5708 1.0472e-05 -0 -0 1.54733 0 0 0 0 0 0
0.0124867 0.539855 1.515 0 0 0 0 0 0 0 0 0 0 0 0 1.54767 1.5708 1.0472e-05 -0 -0 1.54772 0 0 0 0 0 0
0.0123048 0.539859 1.515 0 0 0 0 0 0 0 0 0 0 0 0 1.54801 1.5708 1.0472e-05 -0 -0 1.54809 0 0 0 0 0 0
0.0121343 0.539863 1.515 0 0 0 0 0 0 0 0 0 0 0 0 1.54832 1.5708 1.0472e-05 -0 -0 1.54842 0 0 0 0 0 0
0.0119581 0.539867 1.515 0 0 0 0 0 0 0 0 0 0 0 0 1.54865 1.5708 1.0472e-05 -0 -0 1.54872 0 0 0 0 0 0
0.0117923 0.53987 1.515 0 0 0 0 0 0 0 0 0 0 0 0 1.54896 1.5708 1.0472e-05 -0 -0 1.54909 0 0 0 0 0 0
0.0116274 0.539874 1.515 0 0 0 0 0 0 0 0 0 0 0 0 1.54926 1.5708 1.0472e-05 -0 -0 1.54935 0 0 0 0 0 0
0.0114719 0.539877 1.515 0 0 0 0 0 0 0 0 0 0 0 0 1.54955 1.5708 1.0472e-05 -0 -0 1.54964 0 0 0 0 0 0
0.0113164 0.53988 1.515 0 0 0 0 0 0 0 0 0 0 0 0 1.54984 1.5708 1.0472e-05 -0 -0 1.5499 0 0 0 0 0 0
0.011161 0.539884 1.515 0 0 0 0 0 0 0 0 0 0 0 0 1.55013 1.5708 1.0472e-05 -0 -0 1.55018 0 0 0 0 0 0
0.0109961 0.539887 1.515 0 0 0 0 0 0 0 0 0 0 0 0 1.55043 1.5708 1.0472e-05 -0 -0 1.55044 0 0 0 0 0 0
0.0108349 0.53989 1.515 0 0 0 0 0 0 0 0 0 0 0 0 1.55073 1.5708 1.0472e-05 -0 -0 1.55069 0 0 0 0 0 0
0.0106747 0.539894 1.515 0 0 0 0 0 0 0 0 0 0 0 0 1.55103 1.5708 1.0472e-05 -0 -0 1.55096 0 0 0 0 0 0
0.0105249 0.539896 1.515 0 0 0 0 0 0 0 0 0 0 0 0 1.5513 1.5708 1.0472e-05 -0 -0 1.55116 0 0 0 0 0 0
0.0103694 0.539899 1.515 0 0 0 0 0 0 0 0 0 0 0 0 1.55159 1.5708 1.0472e-05 -0 -0 1.55135 0 0 0 0 0 0
0.0102243 0.539902 1.515 0 0 0 0 0 0 0 0 0 0 0 0 1.55186 1.5708 1.0472e-05 -0 -0 1.55164 0 0 0 0 0 0
0.0100849 0.539905 1.515 0 0 0 0 0 0 0 0 0 0 0 0 1.55212 1.5708 1.0472e-05 -0 -0 1.55193 0 0 0 0 0 0
0.0099501 0.539907 1.515 0 0 0 0 0 0 0 0 0 0 0 0 1.55237 1.5708 1.0472e-05 -0 -0 1.55228 0 0 0 0 0 0
0.00980969 0.53991 1.515 0 0 0 0 0 0 0 0 0 0 0 0 1.55263 1.5708 1.0472e-05 -0 -0 1.55263 0 0 0 0 0 0
0.0096806 0.539912 1.515 0 0 0 0 0 0 0 0 0 0 0 0 1.55287 1.5708 1.0472e-05 -0 -0 1.55294 0 0 0 0 0 0
0.00953548 0.539915 1.515 0 0 0 0 0 0 0 0 0 0 0 0 1.55314 1.5708 1.0472e-05 -0 -0 1.55325 0 0 0 0 0 0
0.00940167 0.539917 1.515 0 0 0 0 0 0 0 0 0 0 0 0 1.55338 1.5708 1.0472e-05 -0 -0 1.55346 0 0 0 0 0 0
0.00927162 0.539919 1.515 0 0 0 0 0 0 0 0 0 0 0 0 1.55363 1.5708 1.0472e-05 -0 -0 1.55366 0 0 0 0 0 0
0.00913687 0.539922 1.515 0 0 0 0 0 0 0 0 0 0 0 0 1.55388 1.5708 1.0472e-05 -0 -0 1.55394 0 0 0 0 0 0
0.00900777 0.539924 1.515 0 0 0 0 0 0 0 0 0 0 0 0 1.55411 1.5708 1.0472e-05 -0 -0 1.5542 0 0 0 0 0 0
0.0088683 0.539926 1.515 0 0 0 0 0 0 0 0 0 0 0 0 1.55437 1.5708 1.0472e-05 -0 -0 1.55444 0 0 0 0 0 0
0.00873355 0.539928 1.515 0 0 0 0 0 0 0 0 0 0 0 0 1.55462 1.5708 1.0472e-05 -0 -0 1.55464 0 0 0 0 0 0
0.00860915 0.53993 1.515 0 0 0 0 0 0 0 0 0 0 0 0 1.55485 1.5708 1.0472e-05 -0 -0 1.55484 0 0 0 0 0 0
0.00848476 0.539932 1.515 0 0 0 0 0 0 0 0 0 0 0 0 1.55508 1.5708 1.0472e-05 -0 -0 1.55503 0 0 0 0 0 0
0.00837074 0.539934 1.515 0 0 0 0 0 0 0 0 0 0 0 0 1.55529 1.5708 1.0472e-05 -0 -0 1.55519 0 0 0 0 0 0
0.00825765 0.539936 1.515 0 0 0 0 0 0 0 0 0 0 0 0 1.5555 1.5708 1.0472e-05 -0 -0 1.55544 0 0 0 0 0 0
0.00813797 0.539938 1.515 0 0 0 0 0 0 0 0 0 0 0 0 1.55573 1.5708 1.0472e-05 -0 -0 1.55559 0 0 0 0 0 0
0.0080296 0.539939 1.515 0 0 0 0 0 0 0 0 0 0 0 0 1.55593 1.5708 1.0472e-05 -0 -0 1.55578 0 0 0 0 0 0
0.00792123 0.539941 1.515 0 0 0 0 0 0 0 0 0 0 0 0 1.55613 1.5708 1.0472e-05 -0 -0 1.55604 0 0 0 0 0 0
0.00781757 0.539942 1.515 0 0 0 0 0 0 0 0 0 0 0 0 1.55632 1.5708 1.0472e-05 -0 -0 1.55622 0 0 0 0 0 0
0.00770825 0.539944 1.515 0 0 0 0 0 0 0 0 0 0 0 0 1.55652 1.5708 1.0472e-05 -0 -0 1.55636 0 0 0 0 0 0
0.00759988 0.539946 1.515 0 0 0 0 0 0 0 0 0 0 0 0 1.55672 1.5708 1.0472e-05 -0 -0 1.55658 0 0 0 0 0 0
0.00748114 0.539947 1.515 0 0 0 0 0 0 0 0 0 0 0 0 1.55694 1.5708 1.0472e-05 -0 -0 1.55676 0 0 0 0 0 0
0.00737182 0.539949 1.515 0 0 0 0 0 0 0 0 0 0 0 0 1.55714 1.5708 1.0472e-05 -0 -0 1.55699 0 0 0 0 0 0
0.00727381 0.53995 1.515 0 0 0 0 0 0 0 0 0 0 0 0 1.55733 1.5708 1.0472e-05 -0 -0 1.55722 0 0 0 0 0 0
0.00716544 0.539952 1.515 0 0 0 0 0 0 0 0 0 0 0 0 1.55753 1.5708 1.0472e-05 -0 -0 1.5575 0 0 0 0 0 0
0.00706648 0.539953 1.515 0 0 0 0 0 0 0 0 0 0 0 0 1.55771 1.5708 1.0472e-05 -0 -0 1.55773 0 0 0 0 0 0
0.00696282 0.539954 1.515 0 0 0 0 0 0 0 0 0 0 0 0 1.5579 1.5708 1.0472e-05 -0 -0 1.55796 0 0 0 0 0 0
0.00686952 0.539955 1.515 0 0 0 0 0 0 0 0 0 0 0 0 1.55807 1.5708 1.0472e-05 -0 -0 1.55822 0 0 0 0 0 0
0.00677151 0.539957 1.515 0 0 0 0 0 0 0 0 0 0 0 0 1.55826 1.5708 1.0472e-05 -0 -0 1.55843 0 0 0 0 0 0
0.00667822 0.539958 1.515 0 0 0 0 0 0 0 0 0 0 0 0 1.55843 1.5708 1.0472e-05 -0 -0 1.55863 0 0 0 0 0 0
0.00658492 0.539959 1.515 0 0 0 0 0 0 0 0 0 0 0 0 1.5586 1.5708 1.0472e-05 -0 -0 1.55878 0 0 0 0 0 0
0.00649162 0.53996 1.515 0 0 0 0 0 0 0 0 0 0 0 0 1.55877 1.5708 1.0472e-05 -0 -0 1.55894 0 0 0 0 0 0
0.00639832 0.539961 1.515 0 0 0 0 0 0 0 0 0 0 0 0 1.55895 1.5708 1.0472e-05 -0 -0 1.55911 0 0 0 0 0 0
0.00630031 0.539962 1.515 0 0 0 0 0 0 0 0 0 0 0 0 1.55913 1.5708 1.0472e-05 -0 -0 1.55921 0 0 0 0 0 0
0.0062023 0.539963 1.515 0 0 0 0 0 0 0 0 0 0 0 0 1.55931 1.5708 1.0472e-05 -0 -0 1.55937 0 0 0 0 0 0
0.00611937 0.539964 1.515 0 0 0 0 0 0 0 0 0 0 0 0 1.55946 1.5708 1.0472e-05 -0 -0 1.55957 0 0 0 0 0 0
0.00604209 0.539965 1.515 0 0 0 0 0 0 0 0 0 0 0 0 1.55961 1.5708 1.0472e-05 -0 -0 1.55975 0 0 0 0 0 0
0.00596387 0.539966 1.515 0 0 0 0 0 0 0 0 0 0 0 0 1.55975 1.5708 1.0472e-05 -0 -0 1.55991 0 0 0 0 0 0
0.00588094 0.539967 1.515 0 0 0 0 0 0 0 0 0 0 0 0 1.55991 1.5708 1.0472e-05 -0 -0 1.56003 0 0 0 0 0 0
0.00579329 0.539968 1.515 0 0 0 0 0 0 0 0 0 0 0 0 1.56007 1.5708 1.0472e-05 -0 -0 1.5602 0 0 0 0 0 0
0.00571036 0.539969 1.515 0 0 0 0 0 0 0 0 0 0 0 0 1.56022 1.5708 1.0472e-05 -0 -0 1.56033 0 0 0 0 0 0
0.00562271 0.53997 1.515 0 0 0 0 0 0 0 0 0 0 0 0 1.56038 1.5708 1.0472e-05 -0 -0 1.56044 0 0 0 0 0 0
0.00553412 0.539971 1.515 0 0 0 0 0 0 0 0 0 0 0 0 1.56055 1.5708 1.0472e-05 -0 -0 1.56057 0 0 0 0 0 0
0.00545119 0.539972 1.515 0 0 0 0 0 0 0 0 0 0 0 0 1.5607 1.5708 1.0472e-05 -0 -0 1.56069 0 0 0 0 0 0
0.00537391 0.539972 1.515 0 0 0 0 0 0 0 0 0 0 0 0 1.56084 1.5708 1.0472e-05 -0 -0 1.56086 0 0 0 0 0 0
0.00529663 0.539973 1.515 0 0 0 0 0 0 0 0 0 0 0 0 1.56099 1.5708 1.0472e-05 -0 -0 1.56096 0 0 0 0 0 0
0.00522406 0.539974 1.515 0 0 0 0 0 0 0 0 0 0 0 0 1.56112 1.5708 1.0472e-05 -0 -0 1.56107 0 0 0 0 0 0
0.0051515 0.539975 1.515 0 0 0 0 0 0 0 0 0 0 0 0 1.56126 1.5708 1.0472e-05 -0 -0 1.56116 0 0 0 0 0 0
0.00507893 0.539975 1.515 0 0 0 0 0 0 0 0 0 0 0 0 1.56139 1.5708 1.0472e-05 -0 -0 1.5613 0 0 0 0 0 0
0.00500636 0.539976 1.515 0 0 0 0 0 0 0 0 0 0 0 0 1.56153 1.5708 1.0472e-05 -0 -0 1.56147 0 0 0 0 0 0
0.00493945 0.539976 1.515 0 0 0 0 0 0 0 0 0 0 0 0 1.56165 1.5708 1.0472e-05 -0 -0 1.56161 0 0 0 0 0 0
0.00486688 0.539977 1.515 0 0 0 0 0 0 0 0 0 0 0 0 1.56178 1.5708 1.0472e-05 -0 -0 1.56173 0 0 0 0 0 0
0.00479903 0.539978 1.515 0 0 0 0 0 0 0 0 0 0 0 0 1.56191 1.5708 1.0472e-05 -0 -0 1.56184 0 0 0 0 0 0
0.00473211 0.539978 1.515 0 0 0 0 0 0 0 0 0 0 0 0 1.56203 1.5708 1.0472e-05 -0 -0 1.56196 0 0 0 0 0 0
0.00466426 0.539979 1.515 0 0 0 0 0 0 0 0 0 0 0 0 1.56216 1.5708 1.0472e-05 -0 -0 1.56211 0 0 0 0 0 0
0.00460206 0.539979 1.515 0 0 0 0 0 0 0 0 0 0 0 0 1.56227 1.5708 1.0472e-05 -0 -0 1.56228 0 0 0 0 0 0
0.00455116 0.53998 1.515 0 0 0 0 0 0 0 0 0 0 0 0 1.56237 1.5708 1.0472e-05 -0 -0 1.56245 0 0 0 0 0 0
0.00448896 0.53998 1.515 0 0 0 0 0 0 0 0 0 0 0 0 1.56248 1.5708 1.0472e-05 -0 -0 1.56257 0 0 0 0 0 0
0.00442111 0.539981 1.515 0 0 0 0 0 0 0 0 0 0 0 0 1.56261 1.5708 1.0472e-05 -0 -0 1.5627 0 0 0 0 0 0
0.00434854 0.539982 1.515 0 0 0 0 0 0 0 0 0 0 0 0 1.56274 1.5708 1.0472e-05 -0 -0 1.56283 0 0 0 0 0 0
0.00428634 0.539982 1.515 0 0 0 0 0 0 0 0 0 0 0 0 1.56286 1.5708 1.0472e-05 -0 -0 1.56294 0 0 0 0 0 0
0.00421942 0.539983 1.515 0 0 0 0 0 0 0 0 0 0 0 0 1.56298 1.5708 1.0472e-05 -0 -0 1.56303 0 0 0 0 0 0
0.00415157 0.539983 1.515 0 0 0 0 0 0 0 0 0 0 0 0 1.56311 1.5708 1.0472e-05 -0 -0 1.56313 0 0 0 0 0 0
0.00409502 0.539984 1.515 0 0 0 0 0 0 0 0 0 0 0 0 1.56321 1.5708 1.0472e-05 -0 -0 1.56327 0 0 0 0 0 0
0.00403847 0.539984 1.515 0 0 0 0 0 0 0 0 0 0 0 0 1.56332 1.5708 1.0472e-05 -0 -0 1.56337 0 0 0 0 0 0
0.00398663 0.539984 1.51501 0 0 0 0 0 0 0 0 0 0 0 0 1.56341 1.5708 1.91986e-05 -0 -0 1.56348 0 0 0 0 0 0
0.00392444 0.539985 1.515 0 0 0 0 0 0 0 0 0 0 0 0 1.56353 1.5708 1.0472e-05 -0 -0 1.56357 0 0 0 0 0 0
0.00386694 0.539984 1.51501 0 0 0 0 0 0 0 0 0 0 0 0 1.56364 1.5708 1.91986e-05 -0 -0 1.56368 0 0 0 0 0 0
0.0038104 0.539986 1.515 0 0 0 0 0 0 0 0 0 0 0 0 1.56374 1.5708 1.0472e-05 -0 -0 1.56377 0 0 0 0 0 0
0.00375856 0.539986 1.515 0 0 0 0 0 0 0 0 0 0 0 0 1.56384 1.5708 1.0472e-05 -0 -0 1.56388 0 0 0 0 0 0
0.00370202 0.539986 1.515 0 0 0 0 0 0 0 0 0 0 0 0 1.56394 1.5708 1.0472e-05 -0 -0 1.56399 0 0 0 0 0 0
0.00365018 0.539987 1.515 0 0 0 0 0 0 0 0 0 0 0 0 1.56404 1.5708 1.0472e-05 -0 -0 1.56408 0 0 0 0 0 0
0.00359835 0.539987 1.515 0 0 0 0 0 0 0 0 0 0 0 0 1.56413 1.5708 1.0472e-05 -0 -0 1.56417 0 0 0 0 0 0
0.00354651 0.539987 1.51501 0 0 0 0 0 0 0 0 0 0 0 0 1.56423 1.5708 1.91986e-05 -0 -0 1.56428 0 0 0 0 0 0
0.00349468 0.539988 1.515 0 0 0 0 0 0 0 0 0 0 0 0 1.56432 1.5708 1.0472e-05 -0 -0 1.56435 0 0 0 0 0 0
0.00344755 0.539988 1.515 0 0 0 0 0 0 0 0 0 0 0 0 1.56441 1.5708 1.0472e-05 -0 -0 1.5644 0 0 0 0 0 0
0.00340137 0.539988 1.515 0 0 0 0 0 0 0 0 0 0 0 0 1.5645 1.5708 1.0472e-05 -0 -0 1.56448 0 0 0 0 0 0
0.00335519 0.539989 1.515 0 0 0 0 0 0 0 0 0 0 0 0 1.56458 1.5708 1.0472e-05 -0 -0 1.56458 0 0 0 0 0 0
0.00330807 0.539989 1.515 0 0 0 0 0 0 0 0 0 0 0 0 1.56467 1.5708 1.0472e-05 -0 -0 1.56466 0 0 0 0 0 0
0.00326189 0.539989 1.515 0 0 0 0 0 0 0 0 0 0 0 0 1.56476 1.5708 1.0472e-05 -0 -0 1.56475 0 0 0 0 0 0
0.00322042 0.539989 1.515 0 0 0 0 0 0 0 0 0 0 0 0 1.56483 1.5708 1.0472e-05 -0 -0 1.56481 0 0 0 0 0 0
0.0031733 0.53999 1.515 0 0 0 0 0 0 0 0 0 0 0 0 1.56492 1.5708 1.0472e-05 -0 -0 1.56487 0 0 0 0 0 0
0.00313749 0.53999 1.515 0 0 0 0 0 0 0 0 0 0 0 0 1.56499 1.5708 1.0472e-05 -0 -0 1.56497 0 0 0 0 0 0
0.00309602 0.53999 1.515 0 0 0 0 0 0 0 0 0 0 0 0 1.56506 1.5708 1.0472e-05 -0 -0 1.56503 0 0 0 0 0 0
0.00304984 0.53999 1.515 0 0 0 0 0 0 0 0 0 0 0 0 1.56515 1.5708 1.0472e-05 -0 -0 1.5651 0 0 0 0 0 0
0.00300271 0.539991 1.515 0 0 0 0 0 0 0 0 0 0 0 0 1.56524 1.5708 1.0472e-05 -0 -0 1.5652 0 0 0 0 0 0
0.00295653 0.539991 1.515 0 0 0 0 0 0 0 0 0 0 0 0 1.56532 1.5708 1.0472e-05 -0 -0 1.56529 0 0 0 0 0 0
0.00290941 0.539991 1.515 0 0 0 0 0 0 0 0 0 0 0 0 1.56541 1.5708 1.0472e-05 -0 -0 1.56538 0 0 0 0 0 0
0.00286794 0.539991 1.515 0 0 0 0 0 0 0 0 0 0 0 0 1.56549 1.5708 1.0472e-05 -0 -0 1.56544 0 0 0 0 0 0
0.00282647 0.539992 1.515 0 0 0 0 0 0 0 0 0 0 0 0 1.56556 1.5708 1.0472e-05 -0 -0 1.5655 0 0 0 0 0 0
0.00279537 0.539992 1.515 0 0 0 0 0 0 0 0 0 0 0 0 1.56562 1.5708 1.0472e-05 -0 -0 1.56557 0 0 0 0 0 0
0.0027539 0.539992 1.515 0 0 0 0 0 0 0 0 0 0 0 0 1.5657 1.5708 1.0472e-05 -0 -0 1.56567 0 0 0 0 0 0
0.00271809 0.539992 1.515 0 0 0 0 0 0 0 0 0 0 0 0 1.56576 1.5708 1.0472e-05 -0 -0 1.56573 0 0 0 0 0 0
0.00267662 0.539992 1.515 0 0 0 0 0 0 0 0 0 0 0 0 1.56584 1.5708 1.0472e-05 -0 -0 1.56578 0 0 0 0 0 0
0.00264081 0.539993 1.515 0 0 0 0 0 0 0 0 0 0 0 0 1.56591 1.5708 1.0472e-05 -0 -0 1.56587 0 0 0 0 0 0
0.00259934 0.539993 1.515 0 0 0 0 0 0 0 0 0 0 0 0 1.56598 1.5708 1.0472e-05 -0 -0 1.56595 0 0 0 0 0 0
0.00256258 0.539993 1.515 0 0 0 0 0 0 0 0 0 0 0 0 1.56605 1.5708 1.0472e-05 -0 -0 1.56601 0 0 0 0 0 0
0.00252677 0.539993 1.515 0 0 0 0 0 0 0 0 0 0 0 0 1.56612 1.5708 1.0472e-05 -0 -0 1.56607 0 0 0 0 0 0
0.00249001 0.539993 1.515 0 0 0 0 0 0 0 0 0 0 0 0 1.56619 1.5708 1.0472e-05 -0 -0 1.56616 0 0 0 0 0 0
