0.539999 0 1.515 0 0 0 0 0 0 -0.539999 0.54 -4.88758e-06 -0.539999 0.54 -4.88758e-06 -0 1.5708 1.0472e-05 -0 -0 -0 0 0 0 0 0 0
0.539999 0 1.515 0 0 0 0 0 0 -0.539999 0.54 -4.88758e-06 -0.539999 0.54 -4.88758e-06 -0 1.5708 1.0472e-05 -0 -0 -0 0 0 0 0 0 0
0.539999 0 1.515 0 0 0 0 0 0 -0.539999 0.54 -4.88758e-06 -0.539999 0.54 -4.88758e-06 -0 1.5708 1.0472e-05 -0 -0 1.5708e-05 0 0 0 0 0 0
0.539999 0 1.515 0 0 0 0 0 0 -0.539999 0.54 -4.88758e-06 -0.539999 0.54 -4.88758e-06 -0 1.5708 1.0472e-05 -0 -0 -0 0 0 0 0 0 0
0.539999 0 1.515 0 0 0 0 0 0 -0.539999 0.54 -4.88758e-06 -0.539999 0.54 -4.88758e-06 -0 1.5708 1.0472e-05 -0 -0 -0 0 0 0 0 0 0
0.539999 0 1.515 0 0 0 0 0 0 -0.539999 0.54 -4.88758e-06 -0.539999 0.54 -4.88758e-06 -0 1.5708 1.0472e-05 -0 -0 1.5708e-05 0 0 0 0 0 0
0.54 0 1.515 0 0 0 0 0 0 -0.54 0.54 0 -0.54 0.54 0 -0 1.5708 -0 8.72665e-06 -0 -0 0 0 0 0 0 0
0.539949 3.58108e-05 1.51504 0 0 0 0 0 0 -0.539949 0.539964 -3.89814e-05 -0.539949 0.539964 -3.89814e-05 6.63225e-05 1.57096 -7.67945e-05 1.91986e-05 -0 1.5708e-05 0 0 0 0 0 0
0.539624 0.000517061 1.51512 0 0 0 0 0 0 -0.539624 0.539483 -0.000118375 -0.539624 0.539483 -0.000118375 0.000958186 1.5721 -0.00104545 0.000287979 -8.72665e-06 9.25025e-05 0 0 0 0 0 0
0.538844 0.00186495 1.51504 0 0 0 0 0 0 -0.538844 0.538135 -3.8147e-05 -0.538844 0.538135 -3.8147e-05 0.00346099 1.57503 -0.00413294 0.00151495 -3.83972e-05 0.000411898 0 0 0 0 0 0
0.537392 0.00435873 1.51496 0 0 0 0 0 0 -0.537392 0.535641 3.60012e-05 -0.537392 0.535641 3.60012e-05 0.00811055 1.58039 -0.00959757 0.00396888 -0.00013439 0.00211185 0 0 0 0 0 0
0.535104 0.00815819 1.51488 0 0 0 0 0 0 -0.535104 0.531842 0.00011754 -0.535104 0.531842 0.00011754 0.0152437 1.5887 -0.0179001 0.00783304 -0.000441568 0.00590445 0 0 0 0 0 0
0.531905 0.0132639 1.51478 0 0 0 0 0 0 -0.531905 0.526736 0.000222206 -0.531905 0.526736 0.000222206 0.0249268 1.60011 -0.0291365 0.0131441 -0.00111177 0.0117705 0 0 0 0 0 0
0.527849 0.0193619 1.51473 0 0 0 0 0 0 -0.527849 0.520638 0.000272751 -0.527849 0.520638 0.000272751 0.0366519 1.61427 -0.0427885 0.0195006 -0.00197571 0.0189019 0 0 0 0 0 0
0.523058 0.0261373 1.51478 0 0 0 0 0 0 -0.523058 0.513863 0.000222564 -0.523058 0.513863 0.000222564 0.0499025 1.63061 -0.0581474 0.0267576 -0.00301942 0.0264854 0 0 0 0 0 0
0.517706 0.0333659 1.51477 0 0 0 0 0 0 -0.517706 0.506634 0.000230432 -0.517706 0.506634 0.000230432 0.0643119 1.64852 -0.074906 0.0346867 -0.00427606 0.034554 0 0 0 0 0 0
0.511884 0.0408266 1.51471 0 0 0 0 0 0 -0.511884 0.499173 0.000294805 -0.511884 0.499173 0.000294805 0.0795085 1.66767 -0.0927189 0.0431044 -0.00564614 0.0431079 0 0 0 0 0 0
0.505714 0.0484128 1.51456 0 0 0 0 0 0 -0.505714 0.491587 0.000444531 -0.505714 0.491587 0.000444531 0.0953177 1.6876 -0.111204 0.0517909 -0.00711396 0.0517961 0 0 0 0 0 0
0.499267 0.0560043 1.51428 0 0 0 0 0 0 -0.499267 0.483996 0.000715256 -0.499267 0.483996 0.000715256 0.11153 1.70811 -0.130254 0.0606781 -0.00857131 0.0608998 0 0 0 0 0 0
0.492596 0.0635393 1.51392 0 0 0 0 0 0 -0.492596 0.476461 0.00108111 -0.492596 0.476461 0.00108111 0.128039 1.729 -0.149582 0.0697957 -0.0101055 0.0701378 0 0 0 0 0 0
0.485742 0.0710069 1.51354 0 0 0 0 0 0 -0.485742 0.468993 0.00146294 -0.485742 0.468993 0.00146294 0.144836 1.75006 -0.168843 0.0788557 -0.0116588 0.0790233 0 0 0 0 0 0
0.478782 0.0782903 1.51299 0 0 0 0 0 0 -0.478782 0.46171 0.00201392 -0.478782 0.46171 0.00201392 0.161672 1.77117 -0.18819 0.088099 -0.0134129 0.0882997 0 0 0 0 0 0
0.471756 0.085382 1.51237 0 0 0 0 0 0 -0.471756 0.454618 0.00262606 -0.471756 0.454618 0.00262606 0.178526 1.79217 -0.207308 0.0973318 -0.0151861 0.0974679 0 0 0 0 0 0
0.464686 0.092349 1.51167 0 0 0 0 0 0 -0.464686 0.447651 0.00333083 -0.464686 0.447651 0.00333083 0.195526 1.81296 -0.226148 0.10662 -0.017085 0.106339 0 0 0 0 0 0
0.457622 0.0990537 1.51088 0 0 0 0 0 0 -0.457622 0.440946 0.00412428 -0.457622 0.440946 0.00412428 0.212361 1.83348 -0.24466 0.116056 -0.0191079 0.115452 0 0 0 0 0 0
0.450534 0.105615 1.51014 0 0 0 0 0 0 -0.450534 0.434385 0.00485635 -0.450534 0.434385 0.00485635 0.229282 1.85364 -0.262426 0.12547 -0.0213611 0.12411 0 0 0 0 0 0
0.443488 0.111949 1.50934 0 0 0 0 0 0 -0.443488 0.428051 0.00565791 -0.443488 0.428051 0.00565791 0.24607 1.8734 -0.279693 0.134961 -0.0238534 0.132762 0 0 0 0 0 0
0.436481 0.118049 1.50863 0 0 0 0 0 0 -0.436481 0.421951 0.0063678 -0.436481 0.421951 0.0063678 0.262703 1.89269 -0.296106 0.144405 -0.0265098 0.141513 0 0 0 0 0 0
0.429556 0.124006 1.50782 0 0 0 0 0 0 -0.429556 0.415994 0.00717914 -0.429556 0.415994 0.00717914 0.279328 1.91143 -0.311993 0.153896 -0.0294437 0.149793 0 0 0 0 0 0
0.422717 0.129728 1.50702 0 0 0 0 0 0 -0.422717 0.410271 0.00798213 -0.422717 0.410271 0.00798213 0.295732 1.92966 -0.327188 0.163351 -0.0325678 0.157792 0 0 0 0 0 0
0.415934 0.135278 1.50634 0 0 0 0 0 0 -0.415934 0.404722 0.00866187 -0.415934 0.404722 0.00866187 0.312051 1.94733 -0.341427 0.172754 -0.0359049 0.165735 0 0 0 0 0 0
0.409259 0.140636 1.50561 0 0 0 0 0 0 -0.409259 0.399364 0.00939369 -0.409259 0.399364 0.00939369 0.328185 1.96444 -0.355087 0.182102 -0.0394898 0.173669 0 0 0 0 0 0
0.402657 0.145788 1.50506 0 0 0 0 0 0 -0.402657 0.394212 0.0099411 -0.402657 0.394212 0.0099411 0.34412 1.98098 -0.367704 0.191442 -0.0432196 0.18149 0 0 0 0 0 0
0.396184 0.150806 1.50441 0 0 0 0 0 0 -0.396184 0.389194 0.010589 -0.396184 0.389194 0.010589 0.359939 1.99691 -0.379843 0.20073 -0.0471885 0.188996 0 0 0 0 0 0
0.389821 0.155635 1.50383 0 0 0 0 0 0 -0.389821 0.384365 0.0111716 -0.389821 0.384365 0.0111716 0.375537 2.01227 -0.391252 0.209867 -0.0512254 0.196315 0 0 0 0 0 0
0.383552 0.160317 1.50331 0 0 0 0 0 0 -0.383552 0.379683 0.0116855 -0.383552 0.379683 0.0116855 0.390992 2.02706 -0.401921 0.218908 -0.0553968 0.203783 0 0 0 0 0 0
0.377411 0.164825 1.50282 0 0 0 0 0 0 -0.377411 0.375175 0.0121788 -0.377411 0.375175 0.0121788 0.406197 2.04126 -0.411961 0.227835 -0.0596903 0.211201 0 0 0 0 0 0
0.37137 0.169197 1.50242 0 0 0 0 0 0 -0.37137 0.370803 0.012584 -0.37137 0.370803 0.012584 0.421251 2.05488 -0.421251 0.236569 -0.0640728 0.218459 0 0 0 0 0 0
0.365433 0.173414 1.50206 0 0 0 0 0 0 -0.365433 0.366586 0.0129427 -0.365433 0.366586 0.0129427 0.436091 2.068 -0.429965 0.245217 -0.0685024 0.225702 0 0 0 0 0 0
0.359654 0.177518 1.50164 0 0 0 0 0 0 -0.359654 0.362482 0.0133601 -0.359654 0.362482 0.0133601 0.450742 2.08046 -0.438229 0.253605 -0.0730071 0.232698 0 0 0 0 0 0
0.353974 0.181471 1.50132 0 0 0 0 0 0 -0.353974 0.358528 0.01368 -0.353974 0.358528 0.01368 0.46517 2.09244 -0.445881 0.261869 -0.0774472 0.239756 0 0 0 0 0 0
0.348406 0.185299 1.50107 0 0 0 0 0 0 -0.348406 0.354701 0.0139307 -0.348406 0.354701 0.0139307 0.479398 2.10386 -0.452918 0.269971 -0.0819153 0.246982 0 0 0 0 0 0
0.342973 0.189024 1.50084 0 0 0 0 0 0 -0.342973 0.350976 0.0141622 -0.342973 0.350976 0.0141622 0.493453 2.1147 -0.459475 0.277774 -0.0862856 0.253813 0 0 0 0 0 0
0.33765 0.192614 1.50064 0 0 0 0 0 0 -0.33765 0.347386 0.0143579 -0.33765 0.347386 0.0143579 0.507278 2.1251 -0.46564 0.285464 -0.0905337 0.261248 0 0 0 0 0 0
0.332466 0.196123 1.50039 0 0 0 0 0 0 -0.332466 0.343877 0.0146054 -0.332466 0.343877 0.0146054 0.520921 2.13493 -0.47145 0.292837 -0.0948569 0.268341 0 0 0 0 0 0
0.327401 0.199523 1.50025 0 0 0 0 0 0 -0.327401 0.340477 0.0147473 -0.327401 0.340477 0.0147473 0.534371 2.14423 -0.476695 0.299893 -0.0989602 0.27535 0 0 0 0 0 0
0.322435 0.202817 1.50014 0 0 0 0 0 0 -0.322435 0.337183 0.014855 -0.322435 0.337183 0.014855 0.547621 2.1531 -0.481556 0.306796 -0.103016 0.282808 0 0 0 0 0 0
0.317611 0.206064 1.49999 0 0 0 0 0 0 -0.317611 0.333936 0.0150121 -0.317611 0.333936 0.0150121 0.560738 2.16139 -0.48609 0.313278 -0.107072 0.290002 0 0 0 0 0 0
0.312902 0.209183 1.49993 0 0 0 0 0 0 -0.312902 0.330817 0.0150734 -0.312902 0.330817 0.0150734 0.573594 2.16925 -0.490204 0.319538 -0.110839 0.297669 0 0 0 0 0 0
0.308306 0.212249 1.49985 0 0 0 0 0 0 -0.308306 0.327751 0.0151531 -0.308306 0.327751 0.0151531 0.586326 2.17664 -0.494057 0.325549 -0.114492 0.305571 0 0 0 0 0 0
0.303816 0.215259 1.49978 0 0 0 0 0 0 -0.303816 0.324741 0.015223 -0.303816 0.324741 0.015223 0.598932 2.18357 -0.497576 0.33111 -0.118079 0.312876 0 0 0 0 0 0
0.29946 0.218168 1.49972 0 0 0 0 0 0 -0.29946 0.321832 0.0152845 -0.29946 0.321832 0.0152845 0.611272 2.19008 -0.500864 0.336451 -0.121433 0.320896 0 0 0 0 0 0
0.295214 0.221063 1.49961 0 0 0 0 0 0 -0.295214 0.318937 0.0153883 -0.295214 0.318937 0.0153883 0.623554 2.19611 -0.503952 0.341465 -0.124665 0.329134 0 0 0 0 0 0
0.291075 0.223906 1.49954 0 0 0 0 0 0 -0.291075 0.316094 0.015458 -0.291075 0.316094 0.015458 0.635691 2.20168 -0.506702 0.346114 -0.127751 0.337119 0 0 0 0 0 0
0.287055 0.226664 1.4995 0 0 0 0 0 0 -0.287055 0.313336 0.0155011 -0.287055 0.313336 0.0155011 0.647599 2.20689 -0.509233 0.350506 -0.130561 0.345465 0 0 0 0 0 0
0.28312 0.229414 1.49945 0 0 0 0 0 0 -0.28312 0.310586 0.0155545 -0.28312 0.310586 0.0155545 0.659467 2.21166 -0.511516 0.354513 -0.133303 0.353783 0 0 0 0 0 0
0.27927 0.232104 1.49947 0 0 0 0 0 0 -0.27927 0.307896 0.0155311 -0.27927 0.307896 0.0155311 0.671203 2.21606 -0.513471 0.358213 -0.135787 0.362311 0 0 0 0 0 0
0.27555 0.234745 1.49944 0 0 0 0 0 0 -0.27555 0.305255 0.015558 -0.27555 0.305255 0.015558 0.682727 2.22008 -0.51534 0.361655 -0.138097 0.371307 0 0 0 0 0 0
0.271915 0.237392 1.49941 0 0 0 0 0 0 -0.271915 0.302608 0.0155915 -0.271915 0.302608 0.0155915 0.694231 2.22366 -0.516989 0.364732 -0.140253 0.380077 0 0 0 0 0 0
0.268347 0.239989 1.49942 0 0 0 0 0 0 -0.268347 0.300011 0.0155809 -0.268347 0.300011 0.0155809 0.705621 2.22697 -0.518427 0.367523 -0.142201 0.389039 0 0 0 0 0 0
0.26489 0.242559 1.49939 0 0 0 0 0 0 -0.26489 0.297441 0.0156118 -0.26489 0.297441 0.0156118 0.716857 2.2299 -0.51977 0.369996 -0.143993 0.398237 0 0 0 0 0 0
0.261504 0.245104 1.49941 0 0 0 0 0 0 -0.261504 0.294896 0.0155857 -0.261504 0.294896 0.0155857 0.728027 2.2325 -0.520864 0.372191 -0.145498 0.407445 0 0 0 0 0 0
0.2582 0.247636 1.49941 0 0 0 0 0 0 -0.2582 0.292364 0.0155908 -0.2582 0.292364 0.0155908 0.73911 2.23479 -0.521899 0.374148 -0.146801 0.417092 0 0 0 0 0 0
0.25499 0.250175 1.49936 0 0 0 0 0 0 -0.25499 0.289825 0.0156434 -0.25499 0.289825 0.0156434 0.750116 2.23671 -0.522857 0.375855 -0.147934 0.426436 0 0 0 0 0 0
0.251847 0.252664 1.49936 0 0 0 0 0 0 -0.251847 0.287336 0.0156435 -0.251847 0.287336 0.0156435 0.760969 2.23838 -0.523595 0.37734 -0.148892 0.435774 0 0 0 0 0 0
0.248766 0.25515 1.49935 0 0 0 0 0 0 -0.248766 0.28485 0.0156541 -0.248766 0.28485 0.0156541 0.771774 2.23977 -0.524248 0.378606 -0.14965 0.445516 0 0 0 0 0 0
0.245738 0.257647 1.49935 0 0 0 0 0 0 -0.245738 0.282353 0.0156522 -0.245738 0.282353 0.0156522 0.78256 2.24082 -0.524707 0.379593 -0.150273 0.455112 0 0 0 0 0 0
0.242778 0.260093 1.49939 0 0 0 0 0 0 -0.242778 0.279907 0.0156063 -0.242778 0.279907 0.0156063 0.793182 2.24167 -0.525006 0.380408 -0.150685 0.464683 0 0 0 0 0 0
0.239901 0.262549 1.49938 0 0 0 0 0 0 -0.239901 0.277451 0.0156173 -0.239901 0.277451 0.0156173 0.80371 2.24221 -0.525292 0.381051 -0.150934 0.474262 0 0 0 0 0 0
0.237046 0.26501 1.49939 0 0 0 0 0 0 -0.237046 0.27499 0.0156051 -0.237046 0.27499 0.0156051 0.814247 2.24251 -0.525417 0.381491 -0.151069 0.483966 0 0 0 0 0 0
0.234257 0.267457 1.49939 0 0 0 0 0 0 -0.234257 0.272543 0.0156099 -0.234257 0.272543 0.0156099 0.824659 2.24258 -0.525475 0.381798 -0.151077 0.493905 0 0 0 0 0 0
0.231522 0.269895 1.49933 0 0 0 0 0 0 -0.231522 0.270105 0.015666 -0.231522 0.270105 0.015666 0.834955 2.24245 -0.525522 0.381971 -0.151077 0.503508 0 0 0 0 0 0
0.228818 0.272338 1.49925 0 0 0 0 0 0 -0.228818 0.267662 0.0157528 -0.228818 0.267662 0.0157528 0.845204 2.24212 -0.525513 0.382019 -0.151069 0.513158 0 0 0 0 0 0
0.226161 0.27481 1.4991 0 0 0 0 0 0 -0.226161 0.26519 0.0159045 -0.226161 0.26519 0.0159045 0.855405 2.24152 -0.525484 0.382019 -0.15105 0.523023 0 0 0 0 0 0
0.223563 0.277295 1.4989 0 0 0 0 0 0 -0.223563 0.262705 0.0160962 -0.223563 0.262705 0.0160962 0.865511 2.24066 -0.525407 0.382009 -0.150954 0.532643 0 0 0 0 0 0
0.221027 0.279737 1.4988 0 0 0 0 0 0 -0.221027 0.260263 0.016196 -0.221027 0.260263 0.016196 0.875471 2.23962 -0.525168 0.381962 -0.150407 0.542206 0 0 0 0 0 0
0.218522 0.28217 1.49879 0 0 0 0 0 0 -0.218522 0.25783 0.0162051 -0.218522 0.25783 0.0162051 0.885395 2.23836 -0.524707 0.381847 -0.149524 0.551749 0 0 0 0 0 0
0.216043 0.284597 1.49883 0 0 0 0 0 0 -0.216043 0.255403 0.016168 -0.216043 0.255403 0.016168 0.895289 2.23692 -0.524103 0.381501 -0.148412 0.561317 0 0 0 0 0 0
0.213623 0.286996 1.49888 0 0 0 0 0 0 -0.213623 0.253004 0.0161225 -0.213623 0.253004 0.0161225 0.90503 2.23533 -0.523461 0.380983 -0.147081 0.570756 0 0 0 0 0 0
0.211261 0.289394 1.49889 0 0 0 0 0 0 -0.211261 0.250606 0.0161104 -0.211261 0.250606 0.0161104 0.914645 2.23355 -0.52281 0.380351 -0.145632 0.580106 0 0 0 0 0 0
0.208908 0.29178 1.49897 0 0 0 0 0 0 -0.208908 0.24822 0.0160302 -0.208908 0.24822 0.0160302 0.924234 2.23163 -0.521976 0.379602 -0.144002 0.58934 0 0 0 0 0 0
0.206578 0.294166 1.49904 0 0 0 0 0 0 -0.206578 0.245834 0.0159596 -0.206578 0.245834 0.0159596 0.933753 2.22956 -0.521092 0.378845 -0.142305 0.5985 0 0 0 0 0 0
0.204284 0.296552 1.49908 0 0 0 0 0 0 -0.204284 0.243448 0.0159202 -0.204284 0.243448 0.0159202 0.943167 2.22733 -0.520183 0.377991 -0.14059 0.607523 0 0 0 0 0 0
0.202037 0.298909 1.49914 0 0 0 0 0 0 -0.202037 0.241091 0.0158578 -0.202037 0.241091 0.0158578 0.952419 2.22499 -0.519195 0.377167 -0.138729 0.616152 0 0 0 0 0 0
0.19981 0.301286 1.49916 0 0 0 0 0 0 -0.19981 0.238714 0.0158418 -0.19981 0.238714 0.0158418 0.961624 2.22248 -0.518207 0.376324 -0.13686 0.624796 0 0 0 0 0 0
0.197598 0.303676 1.49915 0 0 0 0 0 0 -0.197598 0.236324 0.0158472 -0.197598 0.236324 0.0158472 0.97078 2.21982 -0.517181 0.375518 -0.134961 0.63335 0 0 0 0 0 0
0.195412 0.306048 1.49914 0 0 0 0 0 0 -0.195412 0.233952 0.0158622 -0.195412 0.233952 0.0158622 0.97981 2.21708 -0.516118 0.374752 -0.133053 0.642121 0 0 0 0 0 0
0.193271 0.308405 1.49911 0 0 0 0 0 0 -0.193271 0.231595 0.0158879 -0.193271 0.231595 0.0158879 0.98868 2.2142 -0.515005 0.373984 -0.131107 0.650769 0 0 0 0 0 0
0.191149 0.31075 1.49911 0 0 0 0 0 0 -0.191149 0.22925 0.0158858 -0.191149 0.22925 0.0158858 0.997461 2.21122 -0.513788 0.373246 -0.129074 0.658989 0 0 0 0 0 0
0.189029 0.313112 1.49908 0 0 0 0 0 0 -0.189029 0.226888 0.0159153 -0.189029 0.226888 0.0159153 1.00622 2.20811 -0.512561 0.372603 -0.127032 0.667227 0 0 0 0 0 0
0.186932 0.315472 1.49905 0 0 0 0 0 0 -0.186932 0.224528 0.0159494 -0.186932 0.224528 0.0159494 1.01487 2.20488 -0.511275 0.37201 -0.124952 0.67542 0 0 0 0 0 0
0.184872 0.317801 1.49903 0 0 0 0 0 0 -0.184872 0.222199 0.0159734 -0.184872 0.222199 0.0159734 1.02337 2.20159 -0.509943 0.371406 -0.122805 0.683478 0 0 0 0 0 0
0.182852 0.320112 1.49901 0 0 0 0 0 0 -0.182852 0.219888 0.0159892 -0.182852 0.219888 0.0159892 1.03171 2.1982 -0.508544 0.370841 -0.12059 0.691321 0 0 0 0 0 0
0.180833 0.322433 1.49899 0 0 0 0 0 0 -0.180833 0.217567 0.0160094 -0.180833 0.217567 0.0160094 1.04002 2.19469 -0.507086 0.370312 -0.118347 0.698769 0 0 0 0 0 0
0.178817 0.324737 1.499 0 0 0 0 0 0 -0.178817 0.215263 0.0160042 -0.178817 0.215263 0.0160042 1.04826 2.19112 -0.505542 0.369834 -0.116064 0.706141 0 0 0 0 0 0
0.176834 0.327041 1.49896 0 0 0 0 0 0 -0.176834 0.212959 0.0160388 -0.176834 0.212959 0.0160388 1.05637 2.18746 -0.504009 0.36943 -0.113792 0.713468 0 0 0 0 0 0
0.174892 0.329313 1.49895 0 0 0 0 0 0 -0.174892 0.210687 0.016049 -0.174892 0.210687 0.016049 1.06431 2.18373 -0.502417 0.369114 -0.111406 0.720613 0 0 0 0 0 0
0.172973 0.331569 1.49895 0 0 0 0 0 0 -0.172973 0.208431 0.0160451 -0.172973 0.208431 0.0160451 1.07212 2.17992 -0.50073 0.368854 -0.109038 0.72765 0 0 0 0 0 0
0.171044 0.333841 1.49892 0 0 0 0 0 0 -0.171044 0.206159 0.0160806 -0.171044 0.206159 0.0160806 1.07992 2.17604 -0.499052 0.368634 -0.106708 0.734457 0 0 0 0 0 0
0.169132 0.336094 1.49891 0 0 0 0 0 0 -0.169132 0.203906 0.0160878 -0.169132 0.203906 0.0160878 1.08762 2.17209 -0.497277 0.368453 -0.104339 0.741158 0 0 0 0 0 0
0.16725 0.338338 1.49888 0 0 0 0 0 0 -0.16725 0.201662 0.0161178 -0.16725 0.201662 0.0161178 1.0952 2.16807 -0.495523 0.368347 -0.101913 0.747675 0 0 0 0 0 0
0.165404 0.340561 1.49885 0 0 0 0 0 0 -0.165404 0.199439 0.0161457 -0.165404 0.199439 0.0161457 1.10262 2.164 -0.493722 0.36828 -0.0994698 0.754026 0 0 0 0 0 0
0.163583 0.342764 1.49883 0 0 0 0 0 0 -0.163583 0.197236 0.0161716 -0.163583 0.197236 0.0161716 1.1099 2.15988 -0.49187 0.36827 -0.0970438 0.760314 0 0 0 0 0 0
0.161758 0.344974 1.49878 0 0 0 0 0 0 -0.161758 0.195026 0.0162164 -0.161758 0.195026 0.0162164 1.11716 2.1557 -0.490001 0.36828 -0.0946283 0.766571 0 0 0 0 0 0
0.159934 0.347162 1.49877 0 0 0 0 0 0 -0.159934 0.192838 0.0162309 -0.159934 0.192838 0.0162309 1.12434 2.15148 -0.488036 0.368299 -0.0922215 0.772429 0 0 0 0 0 0
0.158124 0.34933 1.49878 0 0 0 0 0 0 -0.158124 0.19067 0.0162238 -0.158124 0.19067 0.0162238 1.13143 2.14723 -0.485994 0.368347 -0.0897954 0.778073 0 0 0 0 0 0
0.156357 0.351489 1.49874 0 0 0 0 0 0 -0.156357 0.188511 0.0162617 -0.156357 0.188511 0.0162617 1.13835 2.14293 -0.48399 0.368434 -0.0873991 0.7837 0 0 0 0 0 0
0.154619 0.353628 1.49871 0 0 0 0 0 0 -0.154619 0.186372 0.0162926 -0.154619 0.186372 0.0162926 1.14513 2.13858 -0.481929 0.368703 -0.0850202 0.789067 0 0 0 0 0 0
0.152893 0.355744 1.49871 0 0 0 0 0 0 -0.152893 0.184256 0.0162878 -0.152893 0.184256 0.0162878 1.15182 2.1342 -0.479791 0.369104 -0.0825663 0.794558 0 0 0 0 0 0
0.151145 0.35786 1.49871 0 0 0 0 0 0 -0.151145 0.18214 0.0162921 -0.151145 0.18214 0.0162921 1.15851 2.12981 -0.477634 0.369593 -0.0801508 0.799865 0 0 0 0 0 0
0.149417 0.359967 1.49868 0 0 0 0 0 0 -0.149417 0.180033 0.016318 -0.149417 0.180033 0.016318 1.1651 2.12538 -0.475477 0.37013 -0.0777631 0.805077 0 0 0 0 0 0
0.147722 0.362065 1.49862 0 0 0 0 0 0 -0.147722 0.177935 0.0163797 -0.147722 0.177935 0.0163797 1.17155 2.1209 -0.473358 0.370792 -0.075386 0.809983 0 0 0 0 0 0
0.14604 0.364138 1.49858 0 0 0 0 0 0 -0.14604 0.175862 0.0164182 -0.14604 0.175862 0.0164182 1.17791 2.11643 -0.471173 0.37154 -0.0730071 0.814536 0 0 0 0 0 0
0.144398 0.366181 1.49856 0 0 0 0 0 0 -0.144398 0.173819 0.0164444 -0.144398 0.173819 0.0164444 1.18409 2.11193 -0.468919 0.372307 -0.0706789 0.819134 0 0 0 0 0 0
0.142754 0.368215 1.49853 0 0 0 0 0 0 -0.142754 0.171785 0.0164655 -0.142754 0.171785 0.0164655 1.19023 2.10741 -0.466617 0.373083 -0.068368 0.823792 0 0 0 0 0 0
0.141109 0.370246 1.4985 0 0 0 0 0 0 -0.141109 0.169754 0.0164988 -0.141109 0.169754 0.0164988 1.19632 2.10286 -0.464306 0.373879 -0.0660764 0.828295 0 0 0 0 0 0
0.139466 0.372263 1.49847 0 0 0 0 0 0 -0.139466 0.167737 0.0165268 -0.139466 0.167737 0.0165268 1.20235 2.09829 -0.461949 0.374799 -0.0638232 0.832829 0 0 0 0 0 0
0.137846 0.374263 1.49846 0 0 0 0 0 0 -0.137846 0.165737 0.0165397 -0.137846 0.165737 0.0165397 1.20829 2.09371 -0.459561 0.375748 -0.0614932 0.837135 0 0 0 0 0 0
0.136248 0.376236 1.49845 0 0 0 0 0 0 -0.136248 0.163764 0.0165473 -0.136248 0.163764 0.0165473 1.21411 2.08914 -0.457145 0.376698 -0.0591928 0.841301 0 0 0 0 0 0
0.134678 0.378177 1.49845 0 0 0 0 0 0 -0.134678 0.161823 0.0165464 -0.134678 0.161823 0.0165464 1.21978 2.08459 -0.454681 0.377705 -0.056978 0.845204 0 0 0 0 0 0
0.133136 0.380106 1.49844 0 0 0 0 0 0 -0.133136 0.159894 0.0165579 -0.133136 0.159894 0.0165579 1.22534 2.08001 -0.452208 0.378729 -0.0547824 0.848891 0 0 0 0 0 0
0.131599 0.382028 1.49842 0 0 0 0 0 0 -0.131599 0.157972 0.0165768 -0.131599 0.157972 0.0165768 1.23086 2.07541 -0.449735 0.379766 -0.0525676 0.85241 0 0 0 0 0 0
0.130036 0.383941 1.49841 0 0 0 0 0 0 -0.130036 0.156059 0.0165874 -0.130036 0.156059 0.0165874 1.23638 2.07083 -0.447213 0.38082 -0.0504208 0.856065 0 0 0 0 0 0
0.128482 0.385835 1.49841 0 0 0 0 0 0 -0.128482 0.154165 0.0165935 -0.128482 0.154165 0.0165935 1.24182 2.06625 -0.444663 0.381932 -0.0483107 0.859702 0 0 0 0 0 0
0.126947 0.387709 1.49841 0 0 0 0 0 0 -0.126947 0.152291 0.016585 -0.126947 0.152291 0.016585 1.24717 2.06167 -0.442064 0.383054 -0.0462111 0.863111 0 0 0 0 0 0
0.12544 0.389557 1.49843 0 0 0 0 0 0 -0.12544 0.150443 0.01657 -0.12544 0.150443 0.01657 1.2524 2.0571 -0.439429 0.384234 -0.0441603 0.866394 0 0 0 0 0 0
0.123971 0.391385 1.49842 0 0 0 0 0 0 -0.123971 0.148614 0.0165761 -0.123971 0.148614 0.0165761 1.25749 2.05254 -0.43683 0.38547 -0.0421165 0.869844 0 0 0 0 0 0
0.122524 0.393198 1.49841 0 0 0 0 0 0 -0.122524 0.146802 0.0165858 -0.122524 0.146802 0.0165858 1.26249 2.04797 -0.434222 0.386707 -0.040085 0.873143 0 0 0 0 0 0
0.12107 0.395003 1.49839 0 0 0 0 0 0 -0.12107 0.144997 0.0166126 -0.12107 0.144997 0.0166126 1.26745 2.04342 -0.431623 0.388011 -0.0381197 0.876131 0 0 0 0 0 0
0.119603 0.396795 1.49838 0 0 0 0 0 0 -0.119603 0.143205 0.0166235 -0.119603 0.143205 0.0166235 1.27241 2.03887 -0.428988 0.389315 -0.0361545 0.879164 0 0 0 0 0 0
0.11814 0.398574 1.49838 0 0 0 0 0 0 -0.11814 0.141426 0.0166241 -0.11814 0.141426 0.0166241 1.27732 2.03433 -0.426323 0.390647 -0.0341788 0.882154 0 0 0 0 0 0
0.116697 0.400335 1.49837 0 0 0 0 0 0 -0.116697 0.139664 0.0166318 -0.116697 0.139664 0.0166318 1.28213 2.0298 -0.423637 0.392008 -0.0322903 0.885001 0 0 0 0 0 0
0.115271 0.402066 1.49838 0 0 0 0 0 0 -0.115271 0.137934 0.0166172 -0.115271 0.137934 0.0166172 1.28685 2.02531 -0.420905 0.393361 -0.0304403 0.887631 0 0 0 0 0 0
0.113866 0.403773 1.49841 0 0 0 0 0 0 -0.113866 0.136227 0.0165914 -0.113866 0.136227 0.0165914 1.29147 2.02083 -0.418144 0.39478 -0.0286182 0.8902 0 0 0 0 0 0
0.112478 0.405466 1.49842 0 0 0 0 0 0 -0.112478 0.134534 0.0165793 -0.112478 0.134534 0.0165793 1.29601 2.01637 -0.415392 0.396171 -0.0268449 0.892691 0 0 0 0 0 0
0.111127 0.407135 1.49843 0 0 0 0 0 0 -0.111127 0.132865 0.0165657 -0.111127 0.132865 0.0165657 1.30042 2.01192 -0.412622 0.397589 -0.0251101 0.895333 0 0 0 0 0 0
0.109777 0.408793 1.49845 0 0 0 0 0 0 -0.109777 0.131207 0.016553 -0.109777 0.131207 0.016553 1.3048 2.0075 -0.40987 0.398998 -0.0233455 0.897853 0 0 0 0 0 0
0.108422 0.410431 1.49848 0 0 0 0 0 0 -0.108422 0.129569 0.0165184 -0.108422 0.129569 0.0165184 1.30916 2.0031 -0.40707 0.400445 -0.0216002 0.900435 0 0 0 0 0 0
0.107054 0.412069 1.4985 0 0 0 0 0 0 -0.107054 0.127931 0.0165044 -0.107054 0.127931 0.0165044 1.31351 1.99869 -0.404281 0.401921 -0.0199229 0.902707 0 0 0 0 0 0
0.105687 0.413676 1.49854 0 0 0 0 0 0 -0.105687 0.126324 0.0164587 -0.105687 0.126324 0.0164587 1.3178 1.99434 -0.401433 0.40336 -0.0183015 0.904944 0 0 0 0 0 0
0.104346 0.415267 1.49858 0 0 0 0 0 0 -0.104346 0.124733 0.0164156 -0.104346 0.124733 0.0164156 1.322 1.99 -0.398567 0.404836 -0.0167307 0.907166 0 0 0 0 0 0
0.103022 0.416841 1.49861 0 0 0 0 0 0 -0.103022 0.123159 0.0163919 -0.103022 0.123159 0.0163919 1.32613 1.98569 -0.395748 0.406285 -0.0151861 0.909418 0 0 0 0 0 0
0.101734 0.418401 1.49861 0 0 0 0 0 0 -0.101734 0.121599 0.0163864 -0.101734 0.121599 0.0163864 1.33013 1.98139 -0.392949 0.407742 -0.0136816 0.911622 0 0 0 0 0 0
0.100461 0.419946 1.49861 0 0 0 0 0 0 -0.100461 0.120054 0.0163946 -0.100461 0.120054 0.0163946 1.33407 1.97711 -0.390177 0.40918 -0.0122051 0.913673 0 0 0 0 0 0
0.0992118 0.421465 1.49862 0 0 0 0 0 0 -0.0992118 0.118535 0.0163782 -0.0992118 0.118535 0.0163782 1.33792 1.97286 -0.38735 0.410657 -0.0107757 0.91575 0 0 0 0 0 0
0.0979581 0.422972 1.49864 0 0 0 0 0 0 -0.0979581 0.117028 0.0163575 -0.0979581 0.117028 0.0163575 1.34174 1.96863 -0.384512 0.412123 -0.00936718 0.91772 0 0 0 0 0 0
0.0967057 0.424455 1.49869 0 0 0 0 0 0 -0.0967057 0.115545 0.016309 -0.0967057 0.115545 0.016309 1.34553 1.96445 -0.381625 0.413571 -0.00798663 0.919736 0 0 0 0 0 0
0.0954609 0.425922 1.49874 0 0 0 0 0 0 -0.0954609 0.114078 0.0162597 -0.0954609 0.114078 0.0162597 1.34927 1.96029 -0.37874 0.415057 -0.006634 0.921705 0 0 0 0 0 0
0.0942036 0.427378 1.49878 0 0 0 0 0 0 -0.0942036 0.112622 0.0162172 -0.0942036 0.112622 0.0162172 1.35301 1.95616 -0.375874 0.416525 -0.00531104 0.92338 0 0 0 0 0 0
0.092958 0.428824 1.49882 0 0 0 0 0 0 -0.092958 0.111176 0.0161844 -0.092958 0.111176 0.0161844 1.35669 1.95205 -0.373017 0.417999 -0.00402647 0.925086 0 0 0 0 0 0
0.0917255 0.430246 1.49887 0 0 0 0 0 0 -0.0917255 0.109754 0.0161343 -0.0917255 0.109754 0.0161343 1.36031 1.94798 -0.370141 0.419438 -0.00275238 0.92685 0 0 0 0 0 0
0.0905158 0.43165 1.49892 0 0 0 0 0 0 -0.0905158 0.10835 0.0160801 -0.0905158 0.10835 0.0160801 1.36385 1.94393 -0.367245 0.420905 -0.00153414 0.928384 0 0 0 0 0 0
0.0893419 0.433032 1.49897 0 0 0 0 0 0 -0.0893419 0.106968 0.016035 -0.0893419 0.106968 0.016035 1.36728 1.93992 -0.364369 0.422324 -0.0003735 0.929931 0 0 0 0 0 0
0.0881843 0.434396 1.49903 0 0 0 0 0 0 -0.0881843 0.105604 0.0159712 -0.0881843 0.105604 0.0159712 1.37063 1.93592 -0.361444 0.423771 0.000747001 0.931707 0 0 0 0 0 0
0.0870323 0.435746 1.49908 0 0 0 0 0 0 -0.0870323 0.104254 0.0159177 -0.0870323 0.104254 0.0159177 1.37395 1.93196 -0.358548 0.425201 0.00183085 0.933496 0 0 0 0 0 0
0.0859019 0.437074 1.49913 0 0 0 0 0 0 -0.0859019 0.102926 0.0158678 -0.0859019 0.102926 0.0158678 1.37719 1.92805 -0.355682 0.426609 0.0028955 0.9351 0 0 0 0 0 0
0.0847797 0.438396 1.49918 0 0 0 0 0 0 -0.0847797 0.101604 0.015824 -0.0847797 0.101604 0.015824 1.3804 1.92416 -0.352844 0.428028 0.00399855 0.936753 0 0 0 0 0 0
0.0836571 0.439708 1.49922 0 0 0 0 0 0 -0.0836571 0.100292 0.0157794 -0.0836571 0.100292 0.0157794 1.38359 1.92028 -0.350007 0.429419 0.00509113 0.938266 0 0 0 0 0 0
0.0825405 0.441001 1.49927 0 0 0 0 0 0 -0.0825405 0.0989985 0.0157281 -0.0825405 0.0989985 0.0157281 1.38674 1.91643 -0.347149 0.430808 0.00610691 0.939593 0 0 0 0 0 0
0.0814145 0.442283 1.49933 0 0 0 0 0 0 -0.0814145 0.0977173 0.0156705 -0.0814145 0.0977173 0.0156705 1.38988 1.91262 -0.344292 0.432161 0.00711396 0.940935 0 0 0 0 0 0
0.0802853 0.443547 1.49941 0 0 0 0 0 0 -0.0802853 0.0964529 0.0155932 -0.0802853 0.0964529 0.0155932 1.39301 1.90884 -0.341397 0.433542 0.00808262 0.942413 0 0 0 0 0 0
0.0791784 0.444798 1.49946 0 0 0 0 0 0 -0.0791784 0.0952023 0.0155354 -0.0791784 0.0952023 0.0155354 1.39606 1.90509 -0.33854 0.434912 0.00899368 0.943874 0 0 0 0 0 0
0.078104 0.446021 1.49954 0 0 0 0 0 0 -0.078104 0.0939794 0.0154589 -0.078104 0.0939794 0.0154589 1.39901 1.90139 -0.335674 0.436245 0.00989427 0.945181 0 0 0 0 0 0
0.0770444 0.447228 1.49961 0 0 0 0 0 0 -0.0770444 0.0927716 0.0153909 -0.0770444 0.0927716 0.0153909 1.4019 1.89773 -0.332826 0.437587 0.0107373 0.946639 0 0 0 0 0 0
0.0760026 0.448426 1.49968 0 0 0 0 0 0 -0.0760026 0.091574 0.0153232 -0.0760026 0.091574 0.0153232 1.40474 1.89407 -0.329979 0.438901 0.0115715 0.948143 0 0 0 0 0 0
0.0749709 0.449607 1.49976 0 0 0 0 0 0 -0.0749709 0.0903934 0.0152447 -0.0749709 0.0903934 0.0152447 1.40753 1.89046 -0.327111 0.440224 0.0123587 0.949384 0 0 0 0 0 0
0.0739524 0.450768 1.49984 0 0 0 0 0 0 -0.0739524 0.0892322 0.0151589 -0.0739524 0.0892322 0.0151589 1.41027 1.88688 -0.324254 0.441509 0.0131353 0.950594 0 0 0 0 0 0
0.0729472 0.451913 1.49994 0 0 0 0 0 0 -0.0729472 0.0880871 0.015062 -0.0729472 0.0880871 0.015062 1.41297 1.88334 -0.321388 0.442745 0.0139015 0.951943 0 0 0 0 0 0
0.0719734 0.453046 1.50003 0 0 0 0 0 0 -0.0719734 0.0869537 0.0149738 -0.0719734 0.0869537 0.0149738 1.41559 1.87982 -0.318559 0.44404 0.0146887 0.953215 0 0 0 0 0 0
0.0710076 0.454169 1.50009 0 0 0 0 0 0 -0.0710076 0.0858311 0.0149106 -0.0710076 0.0858311 0.0149106 1.41817 1.87634 -0.315798 0.445267 0.0154444 0.954377 0 0 0 0 0 0
0.0700283 0.455283 1.50014 0 0 0 0 0 0 -0.0700283 0.0847169 0.0148551 -0.0700283 0.0847169 0.0148551 1.42075 1.87288 -0.313056 0.446485 0.0161548 0.955463 0 0 0 0 0 0
0.0690576 0.456376 1.50023 0 0 0 0 0 0 -0.0690576 0.0836236 0.0147694 -0.0690576 0.0836236 0.0147694 1.4233 1.86947 -0.310267 0.447682 0.0168442 0.956624 0 0 0 0 0 0
0.0680879 0.457458 1.50031 0 0 0 0 0 0 -0.0680879 0.0825418 0.0146942 -0.0680879 0.0825418 0.0146942 1.42583 1.86609 -0.307496 0.448832 0.0174585 0.95795 0 0 0 0 0 0
0.0671185 0.458533 1.50038 0 0 0 0 0 0 -0.0671185 0.0814665 0.0146196 -0.0671185 0.0814665 0.0146196 1.42834 1.86272 -0.304734 0.450051 0.0180816 0.959186 0 0 0 0 0 0
0.0661521 0.45959 1.50047 0 0 0 0 0 0 -0.0661521 0.0804095 0.0145259 -0.0661521 0.0804095 0.0145259 1.43082 1.85939 -0.301945 0.451211 0.0186663 0.960237 0 0 0 0 0 0
0.0652042 0.460638 1.50055 0 0 0 0 0 0 -0.0652042 0.0793616 0.0144492 -0.0652042 0.0793616 0.0144492 1.43325 1.85609 -0.299193 0.452323 0.0192126 0.961223 0 0 0 0 0 0
0.064281 0.461669 1.50063 0 0 0 0 0 0 -0.064281 0.0783314 0.0143667 -0.064281 0.0783314 0.0143667 1.4356 1.85282 -0.296451 0.453473 0.0197501 0.962347 0 0 0 0 0 0
0.0633707 0.462687 1.50071 0 0 0 0 0 0 -0.0633707 0.0773134 0.0142919 -0.0633707 0.0773134 0.0142919 1.43792 1.84958 -0.293728 0.454604 0.0202388 0.9635 0 0 0 0 0 0
0.0624778 0.463687 1.50079 0 0 0 0 0 0 -0.0624778 0.0763126 0.0142066 -0.0624778 0.0763126 0.0142066 1.44018 1.84638 -0.291014 0.455718 0.020738 0.964609 0 0 0 0 0 0
0.0616035 0.464678 1.50089 0 0 0 0 0 0 -0.0616035 0.0753215 0.0141118 -0.0616035 0.0753215 0.0141118 1.44239 1.8432 -0.288292 0.456819 0.0212546 0.965457 0 0 0 0 0 0
0.060741 0.465644 1.501 0 0 0 0 0 0 -0.060741 0.074356 0.0139978 -0.060741 0.074356 0.0139978 1.44456 1.84008 -0.28556 0.457894 0.0217259 0.966288 0 0 0 0 0 0
0.0598889 0.4666 1.50111 0 0 0 0 0 0 -0.0598889 0.0733998 0.0138898 -0.0598889 0.0733998 0.0138898 1.44669 1.83698 -0.282838 0.458929 0.0221465 0.9673 0 0 0 0 0 0
0.0590351 0.467548 1.5012 0 0 0 0 0 0 -0.0590351 0.0724516 0.0137966 -0.0590351 0.0724516 0.0137966 1.44881 1.83391 -0.280162 0.459975 0.0225497 0.968373 0 0 0 0 0 0
0.0581982 0.468486 1.50129 0 0 0 0 0 0 -0.0581982 0.0715144 0.0137138 -0.0581982 0.0715144 0.0137138 1.45088 1.83087 -0.277527 0.46101 0.0229424 0.969401 0 0 0 0 0 0
0.0573935 0.469414 1.50136 0 0 0 0 0 0 -0.0573935 0.0705856 0.0136406 -0.0573935 0.0705856 0.0136406 1.45287 1.82785 -0.274917 0.462006 0.0233263 0.970382 0 0 0 0 0 0
0.0566001 0.47033 1.50143 0 0 0 0 0 0 -0.0566001 0.0696704 0.0135682 -0.0566001 0.0696704 0.0135682 1.45483 1.82487 -0.272329 0.463022 0.0236911 0.971269 0 0 0 0 0 0
0.0558012 0.471232 1.50152 0 0 0 0 0 0 -0.0558012 0.0687683 0.0134796 -0.0558012 0.0687683 0.0134796 1.45678 1.82192 -0.269721 0.46401 0.0240349 0.972202 0 0 0 0 0 0
0.0550032 0.472125 1.5016 0 0 0 0 0 0 -0.0550032 0.0678751 0.0133969 -0.0550032 0.0678751 0.0133969 1.45873 1.81899 -0.267152 0.464949 0.024391 0.97329 0 0 0 0 0 0
0.0542025 0.473004 1.5017 0 0 0 0 0 0 -0.0542025 0.0669957 0.0132954 -0.0542025 0.0669957 0.0132954 1.46067 1.8161 -0.264554 0.465898 0.0247156 0.97436 0 0 0 0 0 0
0.0534177 0.473867 1.50181 0 0 0 0 0 0 -0.0534177 0.066133 0.0131865 -0.0534177 0.066133 0.0131865 1.46255 1.81325 -0.261956 0.466867 0.0250036 0.975353 0 0 0 0 0 0
0.0526423 0.474721 1.50191 0 0 0 0 0 0 -0.0526423 0.0652792 0.0130855 -0.0526423 0.0652792 0.0130855 1.46442 1.81043 -0.259396 0.467787 0.0252916 0.976208 0 0 0 0 0 0
0.0518701 0.475566 1.50201 0 0 0 0 0 0 -0.0518701 0.0644336 0.0129902 -0.0518701 0.0644336 0.0129902 1.46626 1.80763 -0.256855 0.468679 0.0255499 0.976969 0 0 0 0 0 0
0.0510946 0.476404 1.5021 0 0 0 0 0 0 -0.0510946 0.0635963 0.0129045 -0.0510946 0.0635963 0.0129045 1.4681 1.80486 -0.254354 0.4696 0.0257995 0.977822 0 0 0 0 0 0
0.0503373 0.477231 1.50219 0 0 0 0 0 0 -0.0503373 0.0627686 0.0128069 -0.0503373 0.0627686 0.0128069 1.46989 1.8021 -0.251832 0.470492 0.0260386 0.978782 0 0 0 0 0 0
0.0495932 0.478042 1.50231 0 0 0 0 0 0 -0.0495932 0.0619582 0.0126907 -0.0495932 0.0619582 0.0126907 1.47164 1.79939 -0.249301 0.471335 0.0262794 0.979666 0 0 0 0 0 0
0.0488689 0.478846 1.50241 0 0 0 0 0 0 -0.0488689 0.0611539 0.012593 -0.0488689 0.0611539 0.012593 1.47335 1.7967 -0.246817 0.472188 0.0264993 0.980472 0 0 0 0 0 0
0.0481693 0.479638 1.50251 0 0 0 0 0 0 -0.0481693 0.0603624 0.0124893 -0.0481693 0.0603624 0.0124893 1.47499 1.79403 -0.244325 0.47308 0.0266808 0.981261 0 0 0 0 0 0
0.0474707 0.480419 1.50262 0 0 0 0 0 0 -0.0474707 0.0595814 0.0123806 -0.0474707 0.0595814 0.0123806 1.47662 1.79139 -0.241842 0.473923 0.0268536 0.98205 0 0 0 0 0 0
0.0467743 0.481187 1.50272 0 0 0 0 0 0 -0.0467743 0.058813 0.0122796 -0.0467743 0.058813 0.0122796 1.47824 1.7888 -0.239416 0.474719 0.0270369 0.9829 0 0 0 0 0 0
0.0460933 0.481952 1.5028 0 0 0 0 0 0 -0.0460933 0.0580477 0.0121993 -0.0460933 0.0580477 0.0121993 1.47982 1.78622 -0.237038 0.475534 0.0272097 0.983795 0 0 0 0 0 0
0.0454296 0.482704 1.50287 0 0 0 0 0 0 -0.0454296 0.0572956 0.0121267 -0.0454296 0.0572956 0.0121267 1.48136 1.78368 -0.2347 0.476349 0.0273528 0.984661 0 0 0 0 0 0
0.0447755 0.483445 1.50297 0 0 0 0 0 0 -0.0447755 0.056555 0.0120345 -0.0447755 0.056555 0.0120345 1.48286 1.78117 -0.232331 0.477115 0.0274872 0.985493 0 0 0 0 0 0
0.0441264 0.484176 1.50306 0 0 0 0 0 0 -0.0441264 0.055824 0.0119386 -0.0441264 0.055824 0.0119386 1.48435 1.77867 -0.229963 0.477864 0.0275919 0.986249 0 0 0 0 0 0
0.043483 0.484896 1.50315 0 0 0 0 0 0 -0.043483 0.0551044 0.0118461 -0.043483 0.0551044 0.0118461 1.48581 1.77622 -0.227633 0.47863 0.0276984 0.986912 0 0 0 0 0 0
0.042851 0.485601 1.50327 0 0 0 0 0 0 -0.042851 0.0543985 0.0117341 -0.042851 0.0543985 0.0117341 1.48725 1.7738 -0.225284 0.479398 0.0278031 0.987591 0 0 0 0 0 0
0.0422196 0.486302 1.50337 0 0 0 0 0 0 -0.0422196 0.0536979 0.0116265 -0.0422196 0.0536979 0.0116265 1.48868 1.77139 -0.222945 0.480156 0.0278799 0.988392 0 0 0 0 0 0
0.0416034 0.486995 1.50347 0 0 0 0 0 0 -0.0416034 0.0530055 0.0115342 -0.0416034 0.0530055 0.0115342 1.49007 1.76901 -0.220664 0.480864 0.0279567 0.989162 0 0 0 0 0 0
0.041003 0.48768 1.50356 0 0 0 0 0 0 -0.041003 0.0523199 0.0114396 -0.041003 0.0523199 0.0114396 1.49142 1.76665 -0.218381 0.481526 0.0280143 0.989916 0 0 0 0 0 0
0.0404142 0.48836 1.50365 0 0 0 0 0 0 -0.0404142 0.0516403 0.0113491 -0.0404142 0.0516403 0.0113491 1.49275 1.7643 -0.216119 0.482236 0.0280719 0.990654 0 0 0 0 0 0
0.0398314 0.489026 1.50374 0 0 0 0 0 0 -0.0398314 0.050974 0.0112605 -0.0398314 0.050974 0.0112605 1.49405 1.762 -0.213894 0.482936 0.028119 0.99127 0 0 0 0 0 0
0.0392456 0.489683 1.50384 0 0 0 0 0 0 -0.0392456 0.050317 0.0111613 -0.0392456 0.050317 0.0111613 1.49535 1.75972 -0.211661 0.483625 0.0281574 0.991885 0 0 0 0 0 0
0.0386567 0.490333 1.50394 0 0 0 0 0 0 -0.0386567 0.0496669 0.0110633 -0.0386567 0.0496669 0.0110633 1.49666 1.75747 -0.209446 0.484268 0.0281871 0.99253 0 0 0 0 0 0
0.0380806 0.490972 1.50404 0 0 0 0 0 0 -0.0380806 0.0490277 0.0109599 -0.0380806 0.0490277 0.0109599 1.49793 1.75524 -0.207251 0.484891 0.0282342 0.993221 0 0 0 0 0 0
0.0375162 0.4916 1.50415 0 0 0 0 0 0 -0.0375162 0.0484004 0.0108469 -0.0375162 0.0484004 0.0108469 1.49918 1.75305 -0.205055 0.485563 0.0282726 0.993975 0 0 0 0 0 0
0.0369613 0.492218 1.50427 0 0 0 0 0 0 -0.0369613 0.0477822 0.0107297 -0.0369613 0.0477822 0.0107297 1.5004 1.75088 -0.20286 0.486214 0.0282831 0.994757 0 0 0 0 0 0
0.0364097 0.492834 1.50437 0 0 0 0 0 0 -0.0364097 0.0471663 0.0106294 -0.0364097 0.0471663 0.0106294 1.5016 1.74872 -0.200711 0.486828 0.0282918 0.995449 0 0 0 0 0 0
0.0358607 0.493445 1.50444 0 0 0 0 0 0 -0.0358607 0.0465555 0.010555 -0.0358607 0.0465555 0.010555 1.5028 1.7466 -0.198641 0.487383 0.0282918 0.99614 0 0 0 0 0 0
0.0353234 0.494045 1.50453 0 0 0 0 0 0 -0.0353234 0.0459548 0.0104659 -0.0353234 0.0459548 0.0104659 1.50397 1.7445 -0.196561 0.487959 0.0283023 0.996752 0 0 0 0 0 0
0.034794 0.494636 1.50462 0 0 0 0 0 0 -0.034794 0.045364 0.010376 -0.034794 0.045364 0.010376 1.50512 1.74243 -0.194499 0.488574 0.0283023 0.997213 0 0 0 0 0 0
0.0342677 0.495227 1.5047 0 0 0 0 0 0 -0.0342677 0.0447728 0.0102956 -0.0342677 0.0447728 0.0102956 1.50626 1.74036 -0.192457 0.489197 0.0283023 0.997765 0 0 0 0 0 0
0.0337497 0.495808 1.5048 0 0 0 0 0 0 -0.0337497 0.0441923 0.0101976 -0.0337497 0.0441923 0.0101976 1.50739 1.73831 -0.190396 0.489781 0.0283023 0.998395 0 0 0 0 0 0
0.0332434 0.496373 1.50491 0 0 0 0 0 0 -0.0332434 0.0436265 0.0100946 -0.0332434 0.0436265 0.0100946 1.50848 1.73631 -0.188363 0.490336 0.0283023 0.999068 0 0 0 0 0 0
0.0327402 0.49694 1.505 0 0 0 0 0 0 -0.0327402 0.0430605 0.00999761 -0.0327402 0.0430605 0.00999761 1.50956 1.7343 -0.18634 0.490893 0.0283023 0.999744 0 0 0 0 0 0
0.0322535 0.497494 1.50512 0 0 0 0 0 0 -0.0322535 0.0425055 0.0098846 -0.0322535 0.0425055 0.0098846 1.51061 1.73232 -0.184298 0.49142 0.0282918 1.00031 0 0 0 0 0 0
0.0317907 0.498042 1.50521 0 0 0 0 0 0 -0.0317907 0.0419577 0.00978959 -0.0317907 0.0419577 0.00978959 1.5116 1.73038 -0.182324 0.491996 0.0282918 1.00083 0 0 0 0 0 0
0.0313212 0.498584 1.50531 0 0 0 0 0 0 -0.0313212 0.0414163 0.0096941 -0.0313212 0.0414163 0.0096941 1.51261 1.72845 -0.180368 0.492562 0.0282918 1.00138 0 0 0 0 0 0
0.0308691 0.499114 1.50541 0 0 0 0 0 0 -0.0308691 0.040886 0.00959182 -0.0308691 0.040886 0.00959182 1.51358 1.72656 -0.178422 0.493089 0.0282918 1.00186 0 0 0 0 0 0
0.030421 0.499639 1.50551 0 0 0 0 0 0 -0.030421 0.0403609 0.00948787 -0.030421 0.0403609 0.00948787 1.51454 1.72468 -0.176484 0.493616 0.0282918 1.00231 0 0 0 0 0 0
0.0299707 0.500157 1.5056 0 0 0 0 0 0 -0.0299707 0.039843 0.00939548 -0.0299707 0.039843 0.00939548 1.5155 1.72283 -0.174596 0.494115 0.0282831 1.00283 0 0 0 0 0 0
0.0295233 0.500666 1.50572 0 0 0 0 0 0 -0.0295233 0.0393335 0.00928378 -0.0295233 0.0393335 0.00928378 1.51645 1.721 -0.172678 0.494604 0.0282726 1.00335 0 0 0 0 0 0
0.0290791 0.501169 1.50583 0 0 0 0 0 0 -0.0290791 0.0388308 0.0091728 -0.0290791 0.0388308 0.0091728 1.51739 1.71919 -0.17078 0.49512 0.0282639 1.0039 0 0 0 0 0 0
0.0286533 0.50167 1.50592 0 0 0 0 0 0 -0.0286533 0.0383303 0.00908363 -0.0286533 0.0383303 0.00908363 1.51829 1.71739 -0.168939 0.49563 0.0282447 1.00451 0 0 0 0 0 0
0.0282442 0.502156 1.50603 0 0 0 0 0 0 -0.0282442 0.0378438 0.0089711 -0.0282442 0.0378438 0.0089711 1.51915 1.71563 -0.16707 0.496099 0.028215 1.00509 0 0 0 0 0 0
0.0278367 0.502632 1.50615 0 0 0 0 0 0 -0.0278367 0.0373678 0.0088526 -0.0278367 0.0373678 0.0088526 1.52 1.71389 -0.165209 0.496558 0.0281679 1.00563 0 0 0 0 0 0
0.0274305 0.503109 1.50626 0 0 0 0 0 0 -0.0274305 0.0368914 0.00874412 -0.0274305 0.0368914 0.00874412 1.52085 1.71216 -0.163359 0.49701 0.0280911 1.00616 0 0 0 0 0 0
0.0270134 0.503586 1.5063 0 0 0 0 0 0 -0.0270134 0.0364136 0.00869572 -0.0270134 0.0364136 0.00869572 1.52169 1.71045 -0.161614 0.497442 0.0278799 1.00665 0 0 0 0 0 0
0.0265966 0.504056 1.50636 0 0 0 0 0 0 -0.0265966 0.035944 0.00863624 -0.0265966 0.035944 0.00863624 1.52253 1.70876 -0.15987 0.497864 0.0276879 1.00705 0 0 0 0 0 0
0.0261839 0.504519 1.50642 0 0 0 0 0 0 -0.0261839 0.0354805 0.00857699 -0.0261839 0.0354805 0.00857699 1.52336 1.70709 -0.158125 0.498323 0.0274488 1.00749 0 0 0 0 0 0
0.0257929 0.504981 1.50647 0 0 0 0 0 0 -0.0257929 0.0350191 0.00853455 -0.0257929 0.0350191 0.00853455 1.52414 1.70543 -0.156437 0.498784 0.0272376 1.00794 0 0 0 0 0 0
0.025399 0.505433 1.50652 0 0 0 0 0 0 -0.025399 0.0345674 0.00847518 -0.025399 0.0345674 0.00847518 1.52493 1.7038 -0.15473 0.499206 0.0270177 1.00838 0 0 0 0 0 0
0.0250103 0.50588 1.5066 0 0 0 0 0 0 -0.0250103 0.0341203 0.0084033 -0.0250103 0.0341203 0.0084033 1.52571 1.70217 -0.153004 0.499646 0.0268065 1.00888 0 0 0 0 0 0
0.024631 0.506316 1.50668 0 0 0 0 0 0 -0.024631 0.0336841 0.00832188 -0.024631 0.0336841 0.00832188 1.52646 1.70058 -0.151289 0.500077 0.0266058 1.00948 0 0 0 0 0 0
0.0242597 0.506752 1.50673 0 0 0 0 0 0 -0.0242597 0.0332484 0.00826681 -0.0242597 0.0332484 0.00826681 1.5272 1.699 -0.149639 0.500471 0.0263946 1.01003 0 0 0 0 0 0
0.0238873 0.507177 1.50681 0 0 0 0 0 0 -0.0238873 0.0328233 0.00818956 -0.0238873 0.0328233 0.00818956 1.52794 1.69744 -0.147962 0.500854 0.0261834 1.01052 0 0 0 0 0 0
0.0235216 0.507592 1.50689 0 0 0 0 0 0 -0.0235216 0.0324084 0.00811076 -0.0235216 0.0324084 0.00811076 1.52867 1.69592 -0.146323 0.501267 0.0260002 1.01095 0 0 0 0 0 0
0.0231678 0.508001 1.50699 0 0 0 0 0 0 -0.0231678 0.0319989 0.0080117 -0.0231678 0.0319989 0.0080117 1.52937 1.6944 -0.144635 0.501669 0.0257995 1.01143 0 0 0 0 0 0
0.0228329 0.50841 1.50705 0 0 0 0 0 0 -0.0228329 0.0315896 0.00795305 -0.0228329 0.0315896 0.00795305 1.53003 1.69291 -0.143054 0.502072 0.0255987 1.01184 0 0 0 0 0 0
0.022485 0.508815 1.50711 0 0 0 0 0 0 -0.022485 0.0311847 0.00788569 -0.022485 0.0311847 0.00788569 1.53071 1.69142 -0.141452 0.502437 0.0253684 1.01227 0 0 0 0 0 0
0.022144 0.509214 1.50719 0 0 0 0 0 0 -0.022144 0.0307859 0.00781405 -0.022144 0.0307859 0.00781405 1.53138 1.68996 -0.139871 0.502819 0.0251764 1.01267 0 0 0 0 0 0
0.0218074 0.509606 1.50727 0 0 0 0 0 0 -0.0218074 0.0303938 0.00773442 -0.0218074 0.0303938 0.00773442 1.53204 1.68851 -0.138288 0.503194 0.0249844 1.01307 0 0 0 0 0 0
0.0214801 0.509996 1.50732 0 0 0 0 0 0 -0.0214801 0.0300036 0.0076822 -0.0214801 0.0300036 0.0076822 1.53269 1.68708 -0.136783 0.503568 0.0247924 1.01342 0 0 0 0 0 0
0.0211518 0.510378 1.50739 0 0 0 0 0 0 -0.0211518 0.0296218 0.00760639 -0.0211518 0.0296218 0.00760639 1.53333 1.68567 -0.13524 0.503903 0.0246004 1.01384 0 0 0 0 0 0
0.0208236 0.510754 1.50748 0 0 0 0 0 0 -0.0208236 0.0292458 0.00752187 -0.0208236 0.0292458 0.00752187 1.53397 1.68427 -0.133696 0.504229 0.0244189 1.01431 0 0 0 0 0 0
0.020498 0.511123 1.50757 0 0 0 0 0 0 -0.020498 0.0288773 0.00742722 -0.020498 0.0288773 0.00742722 1.53461 1.6829 -0.132162 0.504594 0.0242758 1.0148 0 0 0 0 0 0
0.0201844 0.511499 1.50764 0 0 0 0 0 0 -0.0201844 0.0285012 0.0073638 -0.0201844 0.0285012 0.0073638 1.53524 1.68152 -0.130695 0.504976 0.0241606 1.01522 0 0 0 0 0 0
0.0198817 0.511859 1.50771 0 0 0 0 0 0 -0.0198817 0.0281408 0.00729406 -0.0198817 0.0281408 0.00729406 1.53583 1.68018 -0.129247 0.505351 0.024007 1.01558 0 0 0 0 0 0
0.0195825 0.512213 1.5078 0 0 0 0 0 0 -0.0195825 0.0277871 0.00719833 -0.0195825 0.0277871 0.00719833 1.53642 1.67886 -0.127751 0.505676 0.0238621 1.01587 0 0 0 0 0 0
0.0192826 0.512572 1.50788 0 0 0 0 0 0 -0.0192826 0.0274281 0.00712347 -0.0192826 0.0274281 0.00712347 1.537 1.67752 -0.126285 0.506013 0.0236998 1.01618 0 0 0 0 0 0
0.0189934 0.512922 1.50797 0 0 0 0 0 0 -0.0189934 0.0270784 0.0070312 -0.0189934 0.0270784 0.0070312 1.53757 1.67621 -0.124808 0.506337 0.0235567 1.01656 0 0 0 0 0 0
0.0187034 0.513268 1.50803 0 0 0 0 0 0 -0.0187034 0.0267316 0.00697494 -0.0187034 0.0267316 0.00697494 1.53813 1.67493 -0.123438 0.506645 0.0234118 1.01688 0 0 0 0 0 0
0.0184191 0.513608 1.5081 0 0 0 0 0 0 -0.0184191 0.026392 0.00689733 -0.0184191 0.026392 0.00689733 1.53869 1.67366 -0.122037 0.506943 0.0232775 1.01715 0 0 0 0 0 0
0.018142 0.513951 1.50815 0 0 0 0 0 0 -0.018142 0.0260485 0.00684977 -0.018142 0.0260485 0.00684977 1.53923 1.6724 -0.120695 0.507229 0.0231256 1.01756 0 0 0 0 0 0
0.0178643 0.514292 1.5082 0 0 0 0 0 0 -0.0178643 0.0257081 0.0067991 -0.0178643 0.0257081 0.0067991 1.53976 1.67114 -0.119353 0.507528 0.022972 1.01786 0 0 0 0 0 0
0.017596 0.514627 1.50826 0 0 0 0 0 0 -0.017596 0.0253731 0.00674415 -0.017596 0.0253731 0.00674415 1.54028 1.6699 -0.11801 0.507833 0.022808 1.01813 0 0 0 0 0 0
0.0173211 0.514956 1.5083 0 0 0 0 0 0 -0.0173211 0.0250436 0.00670493 -0.0173211 0.0250436 0.00670493 1.54081 1.66869 -0.116726 0.508151 0.0226352 1.0184 0 0 0 0 0 0
0.0170492 0.515271 1.50837 0 0 0 0 0 0 -0.0170492 0.0247286 0.00662553 -0.0170492 0.0247286 0.00662553 1.54132 1.6675 -0.115375 0.508456 0.0224537 1.01876 0 0 0 0 0 0
0.016793 0.515586 1.50844 0 0 0 0 0 0 -0.016793 0.0244143 0.00655508 -0.016793 0.0244143 0.00655508 1.54181 1.66632 -0.114052 0.508755 0.0222809 1.01917 0 0 0 0 0 0
0.0165346 0.515892 1.50852 0 0 0 0 0 0 -0.0165346 0.0241079 0.00648117 -0.0165346 0.0241079 0.00648117 1.5423 1.66516 -0.112738 0.509043 0.0220889 1.01951 0 0 0 0 0 0
0.0162873 0.516197 1.50859 0 0 0 0 0 0 -0.0162873 0.0238029 0.00641072 -0.0162873 0.0238029 0.00641072 1.54277 1.66401 -0.111443 0.50932 0.0219161 1.01983 0 0 0 0 0 0
0.0160442 0.516501 1.50864 0 0 0 0 0 0 -0.0160442 0.0234988 0.00635719 -0.0160442 0.0234988 0.00635719 1.54323 1.66287 -0.110197 0.509598 0.0217433 1.02018 0 0 0 0 0 0
0.0157907 0.516798 1.50872 0 0 0 0 0 0 -0.0157907 0.0232017 0.0062778 -0.0157907 0.0232017 0.0062778 1.54371 1.66175 -0.108903 0.509856 0.0215723 1.02051 0 0 0 0 0 0
0.0155439 0.517096 1.50879 0 0 0 0 0 0 -0.0155439 0.022904 0.00621438 -0.0155439 0.022904 0.00621438 1.54418 1.66063 -0.107657 0.510106 0.0214187 1.02081 0 0 0 0 0 0
0.0153001 0.517382 1.50887 0 0 0 0 0 0 -0.0153001 0.0226178 0.00613475 -0.0153001 0.0226178 0.00613475 1.54464 1.65954 -0.106401 0.510346 0.0212546 1.02111 0 0 0 0 0 0
0.015057 0.517669 1.50894 0 0 0 0 0 0 -0.015057 0.0223309 0.00606 -0.015057 0.0223309 0.00606 1.5451 1.65845 -0.105154 0.510586 0.0210923 1.02146 0 0 0 0 0 0
0.0148334 0.51795 1.509 0 0 0 0 0 0 -0.0148334 0.0220495 0.00600219 -0.0148334 0.0220495 0.00600219 1.54552 1.65739 -0.103974 0.510854 0.0209387 1.02169 0 0 0 0 0 0
0.0146073 0.518233 1.50906 0 0 0 0 0 0 -0.0146073 0.0217671 0.00594378 -0.0146073 0.0217671 0.00594378 1.54595 1.65632 -0.102777 0.511142 0.0207572 1.02199 0 0 0 0 0 0
0.0143878 0.51851 1.50912 0 0 0 0 0 0 -0.0143878 0.0214899 0.00588024 -0.0143878 0.0214899 0.00588024 1.54636 1.65527 -0.101589 0.511448 0.0205931 1.02228 0 0 0 0 0 0
0.0141717 0.518786 1.50917 0 0 0 0 0 0 -0.0141717 0.0212135 0.00582743 -0.0141717 0.0212135 0.00582743 1.54676 1.65423 -0.100428 0.511727 0.0204204 1.02252 0 0 0 0 0 0
0.0139577 0.519055 1.50924 0 0 0 0 0 0 -0.0139577 0.0209454 0.00575829 -0.0139577 0.0209454 0.00575829 1.54716 1.65321 -0.0992586 0.511975 0.0202685 1.02276 0 0 0 0 0 0
0.0137331 0.519318 1.5093 0 0 0 0 0 0 -0.0137331 0.0206825 0.00569546 -0.0137331 0.0206825 0.00569546 1.54759 1.65221 -0.0981276 0.512197 0.0201236 1.023 0 0 0 0 0 0
0.0135344 0.519577 1.50936 0 0 0 0 0 0 -0.0135344 0.0204229 0.00563812 -0.0135344 0.0204229 0.00563812 1.54796 1.65123 -0.0970246 0.512416 0.0199893 1.02326 0 0 0 0 0 0
0.0133285 0.519839 1.50942 0 0 0 0 0 0 -0.0133285 0.0201606 0.00557709 -0.0133285 0.0201606 0.00557709 1.54834 1.65023 -0.0958936 0.512647 0.0198357 1.02351 0 0 0 0 0 0
0.0131279 0.520099 1.50949 0 0 0 0 0 0 -0.0131279 0.0199012 0.00551236 -0.0131279 0.0199012 0.00551236 1.54872 1.64924 -0.0947609 0.512886 0.0196821 1.02381 0 0 0 0 0 0
0.0129298 0.520346 1.50956 0 0 0 0 0 0 -0.0129298 0.0196537 0.00544322 -0.0129298 0.0196537 0.00544322 1.54908 1.64829 -0.0936491 0.513108 0.019511 1.0241 0 0 0 0 0 0
0.0127314 0.520597 1.50962 0 0 0 0 0 0 -0.0127314 0.019403 0.0053817 -0.0127314 0.019403 0.0053817 1.54945 1.64733 -0.0925461 0.513317 0.0193382 1.0244 0 0 0 0 0 0
0.0125498 0.520841 1.50967 0 0 0 0 0 0 -0.0125498 0.0191593 0.00532711 -0.0125498 0.0191593 0.00532711 1.54978 1.64641 -0.0914919 0.513528 0.0191847 1.02474 0 0 0 0 0 0
0.0123547 0.521084 1.50971 0 0 0 0 0 0 -0.0123547 0.0189157 0.00528836 -0.0123547 0.0189157 0.00528836 1.55014 1.64549 -0.0904674 0.51372 0.0189927 1.02503 0 0 0 0 0 0
0.012164 0.521329 1.50977 0 0 0 0 0 0 -0.012164 0.018671 0.00523329 -0.012164 0.018671 0.00523329 1.55048 1.64455 -0.0893923 0.513931 0.0188007 1.0253 0 0 0 0 0 0
0.0119794 0.521564 1.50983 0 0 0 0 0 0 -0.0119794 0.0184363 0.00516844 -0.0119794 0.0184363 0.00516844 1.55082 1.64364 -0.0883276 0.514151 0.0186192 1.0255 0 0 0 0 0 0
0.0117889 0.521796 1.50988 0 0 0 0 0 0 -0.0117889 0.0182042 0.00511515 -0.0117889 0.0182042 0.00511515 1.55116 1.64276 -0.0873031 0.514373 0.0184359 1.02574 0 0 0 0 0 0
0.0116061 0.522023 1.50996 0 0 0 0 0 0 -0.0116061 0.0179768 0.00504136 -0.0116061 0.0179768 0.00504136 1.5515 1.64187 -0.0862489 0.514603 0.0182823 1.02597 0 0 0 0 0 0
0.0114286 0.522247 1.51002 0 0 0 0 0 0 -0.0114286 0.0177526 0.00497556 -0.0114286 0.0177526 0.00497556 1.55182 1.64101 -0.0852314 0.514823 0.0181392 1.02613 0 0 0 0 0 0
0.0112601 0.522479 1.51005 0 0 0 0 0 0 -0.0112601 0.0175205 0.00495303 -0.0112601 0.0175205 0.00495303 1.55213 1.64014 -0.0843011 0.515043 0.0179856 1.02631 0 0 0 0 0 0
0.01109 0.522716 1.51006 0 0 0 0 0 0 -0.01109 0.0172842 0.00493562 -0.01109 0.0172842 0.00493562 1.55244 1.63926 -0.0833622 0.515246 0.0178128 1.02649 0 0 0 0 0 0
0.0109273 0.522938 1.51012 0 0 0 0 0 0 -0.0109273 0.017062 0.00488281 -0.0109273 0.017062 0.00488281 1.55273 1.63841 -0.0823848 0.515427 0.0176697 1.02676 0 0 0 0 0 0
0.0107644 0.523153 1.51016 0 0 0 0 0 0 -0.0107644 0.016847 0.00483811 -0.0107644 0.016847 0.00483811 1.55303 1.63759 -0.0814545 0.5156 0.0175266 1.02698 0 0 0 0 0 0
0.0105949 0.523366 1.51021 0 0 0 0 0 0 -0.0105949 0.0166343 0.00479198 -0.0105949 0.0166343 0.00479198 1.55334 1.63677 -0.0805243 0.515773 0.017373 1.02716 0 0 0 0 0 0
0.0104368 0.52357 1.51028 0 0 0 0 0 0 -0.0104368 0.0164299 0.00472319 -0.0104368 0.0164299 0.00472319 1.55363 1.63598 -0.0795661 0.515946 0.0172386 1.02733 0 0 0 0 0 0
0.0102794 0.523778 1.51033 0 0 0 0 0 0 -0.0102794 0.0162224 0.00467026 -0.0102794 0.0162224 0.00467026 1.55391 1.63518 -0.0786445 0.516136 0.017113 1.02749 0 0 0 0 0 0
0.0101214 0.523988 1.51036 0 0 0 0 0 0 -0.0101214 0.0160123 0.00464475 -0.0101214 0.0160123 0.00464475 1.5542 1.63439 -0.0777823 0.516328 0.0169698 1.02762 0 0 0 0 0 0
0.00996132 0.524188 1.51041 0 0 0 0 0 0 -0.00996132 0.015812 0.00459099 -0.00996132 0.015812 0.00459099 1.55449 1.63361 -0.0768713 0.516511 0.0168162 1.02782 0 0 0 0 0 0
0.00980891 0.524382 1.51049 0 0 0 0 0 0 -0.00980891 0.0156183 0.00451124 -0.00980891 0.0156183 0.00451124 1.55477 1.63285 -0.0759218 0.516673 0.0166923 1.02804 0 0 0 0 0 0
0.00965928 0.524581 1.51054 0 0 0 0 0 0 -0.00965928 0.0154191 0.00446224 -0.00965928 0.0154191 0.00446224 1.55503 1.63208 -0.07503 0.516827 0.0165475 1.02817 0 0 0 0 0 0
0.00950964 0.524776 1.51058 0 0 0 0 0 0 -0.00950964 0.0152237 0.00441921 -0.00950964 0.0152237 0.00441921 1.5553 1.63133 -0.0741678 0.516989 0.0164043 1.02837 0 0 0 0 0 0
0.00936676 0.524966 1.51065 0 0 0 0 0 0 -0.00936676 0.0150335 0.00435352 -0.00936676 0.0150335 0.00435352 1.55556 1.63058 -0.0732672 0.517143 0.0162787 1.02856 0 0 0 0 0 0
0.00922995 0.52516 1.51069 0 0 0 0 0 0 -0.00922995 0.0148401 0.00431454 -0.00922995 0.0148401 0.00431454 1.5558 1.62984 -0.0724137 0.517316 0.0161164 1.02874 0 0 0 0 0 0
0.00909002 0.525347 1.51072 0 0 0 0 0 0 -0.00909002 0.0146531 0.00428307 -0.00909002 0.0146531 0.00428307 1.55605 1.62913 -0.0716074 0.517488 0.0159628 1.02898 0 0 0 0 0 0
0.00895128 0.525529 1.51076 0 0 0 0 0 0 -0.00895128 0.0144708 0.00424373 -0.00895128 0.0144708 0.00424373 1.55629 1.62842 -0.0707836 0.51768 0.0157813 1.02925 0 0 0 0 0 0
0.00881863 0.52571 1.51082 0 0 0 0 0 0 -0.00881863 0.0142904 0.00418043 -0.00881863 0.0142904 0.00418043 1.55652 1.62771 -0.0699022 0.517862 0.0156085 1.0295 0 0 0 0 0 0
0.00868605 0.525889 1.51086 0 0 0 0 0 0 -0.00868605 0.0141109 0.0041374 -0.00868605 0.0141109 0.0041374 1.55675 1.62701 -0.0690766 0.518035 0.015427 1.02973 0 0 0 0 0 0
0.00854841 0.526068 1.5109 0 0 0 0 0 0 -0.00854841 0.0139319 0.00410175 -0.00854841 0.0139319 0.00410175 1.55699 1.62632 -0.0682808 0.518207 0.0152629 1.02989 0 0 0 0 0 0
0.00841163 0.52624 1.51095 0 0 0 0 0 0 -0.00841163 0.0137596 0.00405085 -0.00841163 0.0137596 0.00405085 1.55723 1.62564 -0.0674657 0.51837 0.0151006 1.03002 0 0 0 0 0 0
0.00828166 0.526414 1.51101 0 0 0 0 0 0 -0.00828166 0.0135856 0.00399494 -0.00828166 0.0135856 0.00399494 1.55746 1.62496 -0.0666419 0.518504 0.0149662 1.03014 0 0 0 0 0 0
0.00815719 0.526591 1.51104 0 0 0 0 0 0 -0.00815719 0.0134085 0.00395703 -0.00815719 0.0134085 0.00395703 1.55768 1.62428 -0.0658565 0.518649 0.0148318 1.03027 0 0 0 0 0 0
0.00802869 0.526765 1.51107 0 0 0 0 0 0 -0.00802869 0.0132346 0.00393224 -0.00802869 0.0132346 0.00393224 1.55791 1.62362 -0.065127 0.518792 0.0147166 1.03039 0 0 0 0 0 0
0.00790858 0.526935 1.5111 0 0 0 0 0 0 -0.00790858 0.0130647 0.00390232 -0.00790858 0.0130647 0.00390232 1.55812 1.62297 -0.0643887 0.518946 0.0145822 1.03055 0 0 0 0 0 0
0.0077938 0.527099 1.51115 0 0 0 0 0 0 -0.0077938 0.0129007 0.00385153 -0.0077938 0.0129007 0.00385153 1.55832 1.62232 -0.063612 0.51908 0.0144478 1.03072 0 0 0 0 0 0
0.00768604 0.527261 1.51121 0 0 0 0 0 0 -0.00768604 0.0127394 0.00379324 -0.00768604 0.0127394 0.00379324 1.55851 1.62169 -0.0628353 0.519223 0.0143431 1.03087 0 0 0 0 0 0
0.00757009 0.527415 1.51125 0 0 0 0 0 0 -0.00757009 0.0125849 0.00374806 -0.00757009 0.0125849 0.00374806 1.55872 1.62108 -0.0621075 0.519358 0.0142087 1.031 0 0 0 0 0 0
0.007455 0.527571 1.51129 0 0 0 0 0 0 -0.007455 0.0124291 0.00370777 -0.007455 0.0124291 0.00370777 1.55892 1.62047 -0.0613885 0.519492 0.0140743 1.03118 0 0 0 0 0 0
0.00733907 0.527724 1.51134 0 0 0 0 0 0 -0.00733907 0.0122756 0.00365925 -0.00733907 0.0122756 0.00365925 1.55912 1.61987 -0.0606502 0.519618 0.0139312 1.03134 0 0 0 0 0 0
0.00722208 0.527885 1.51138 0 0 0 0 0 0 -0.00722208 0.0121148 0.00361633 -0.00722208 0.0121148 0.00361633 1.55932 1.61924 -0.0599014 0.519742 0.0137864 1.03149 0 0 0 0 0 0
0.0071029 0.528047 1.51141 0 0 0 0 0 0 -0.0071029 0.0119532 0.00359464 -0.0071029 0.0119532 0.00359464 1.55953 1.61863 -0.0592208 0.519857 0.0136712 1.03162 0 0 0 0 0 0
0.00699556 0.528202 1.51143 0 0 0 0 0 0 -0.00699556 0.011798 0.00357413 -0.00699556 0.011798 0.00357413 1.55972 1.61804 -0.0585698 0.519981 0.0135664 1.03174 0 0 0 0 0 0
0.00690014 0.528352 1.51145 0 0 0 0 0 0 -0.00690014 0.0116479 0.0035497 -0.00690014 0.0116479 0.0035497 1.55989 1.61746 -0.057917 0.520096 0.0134408 1.03188 0 0 0 0 0 0
0.00680087 0.528494 1.51151 0 0 0 0 0 0 -0.00680087 0.0115058 0.00349391 -0.00680087 0.0115058 0.00349391 1.56006 1.61689 -0.0572084 0.520222 0.0133256 1.03204 0 0 0 0 0 0
0.0067017 0.528638 1.51156 0 0 0 0 0 0 -0.0067017 0.0113623 0.00343609 -0.0067017 0.0113623 0.00343609 1.56023 1.61632 -0.0564893 0.520335 0.0132121 1.03219 0 0 0 0 0 0
0.00659308 0.528776 1.51162 0 0 0 0 0 0 -0.00659308 0.0112236 0.00338233 -0.00659308 0.0112236 0.00338233 1.56042 1.61576 -0.0557982 0.520469 0.013097 1.03229 0 0 0 0 0 0
0.00648349 0.528916 1.51166 0 0 0 0 0 0 -0.00648349 0.0110837 0.0033375 -0.00648349 0.0110837 0.0033375 1.56061 1.61521 -0.055128 0.520604 0.0129818 1.03244 0 0 0 0 0 0
0.00637848 0.529057 1.5117 0 0 0 0 0 0 -0.00637848 0.0109425 0.00329757 -0.00637848 0.0109425 0.00329757 1.5608 1.61466 -0.0544665 0.520738 0.0128666 1.03258 0 0 0 0 0 0
0.00627569 0.529198 1.51174 0 0 0 0 0 0 -0.00627569 0.010802 0.00326264 -0.00627569 0.010802 0.00326264 1.56097 1.61411 -0.053805 0.520873 0.012713 1.03268 0 0 0 0 0 0
0.00617926 0.529336 1.51177 0 0 0 0 0 0 -0.00617926 0.0106642 0.00323296 -0.00617926 0.0106642 0.00323296 1.56113 1.61357 -0.0531715 0.521007 0.0125699 1.03278 0 0 0 0 0 0
0.00608722 0.529474 1.51178 0 0 0 0 0 0 -0.00608722 0.0105261 0.00321746 -0.00608722 0.0105261 0.00321746 1.56129 1.61304 -0.0525763 0.521122 0.012425 1.03291 0 0 0 0 0 0
0.00598976 0.529609 1.51179 0 0 0 0 0 0 -0.00598976 0.0103911 0.00321007 -0.00598976 0.0103911 0.00321007 1.56145 1.61253 -0.0520108 0.521246 0.0122714 1.03301 0 0 0 0 0 0
0.0058977 0.529742 1.51181 0 0 0 0 0 0 -0.0058977 0.010258 0.00318885 -0.0058977 0.010258 0.00318885 1.5616 1.61201 -0.0514174 0.521353 0.0121283 1.03315 0 0 0 0 0 0
0.00580702 0.529869 1.51186 0 0 0 0 0 0 -0.00580702 0.0101314 0.0031426 -0.00580702 0.0101314 0.0031426 1.56176 1.61151 -0.0507838 0.521457 0.0120026 1.03326 0 0 0 0 0 0
0.00571641 0.529991 1.51192 0 0 0 0 0 0 -0.00571641 0.010009 0.00308478 -0.00571641 0.010009 0.00308478 1.56191 1.61101 -0.0501328 0.521564 0.0118787 1.03338 0 0 0 0 0 0
0.00562811 0.530113 1.51197 0 0 0 0 0 0 -0.00562811 0.00988722 0.00303185 -0.00562811 0.00988722 0.00303185 1.56206 1.61052 -0.0495098 0.52166 0.0117827 1.03352 0 0 0 0 0 0
0.00554535 0.530238 1.512 0 0 0 0 0 0 -0.00554535 0.00976217 0.00299704 -0.00554535 0.00976217 0.00299704 1.56221 1.61003 -0.0489251 0.521764 0.0116867 1.03362 0 0 0 0 0 0
0.00546644 0.530362 1.51203 0 0 0 0 0 0 -0.00546644 0.00963807 0.00296926 -0.00546644 0.00963807 0.00296926 1.56234 1.60954 -0.0483596 0.521869 0.011582 1.03377 0 0 0 0 0 0
0.00538736 0.530487 1.51206 0 0 0 0 0 0 -0.00538736 0.00951326 0.00293517 -0.00538736 0.00951326 0.00293517 1.56247 1.60905 -0.0477732 0.521976 0.0114755 1.0339 0 0 0 0 0 0
0.00530836 0.530611 1.5121 0 0 0 0 0 0 -0.00530836 0.00938904 0.00289774 -0.00530836 0.00938904 0.00289774 1.56261 1.60856 -0.0471797 0.522072 0.0113708 1.03402 0 0 0 0 0 0
0.00522843 0.530732 1.51214 0 0 0 0 0 0 -0.00522843 0.00926834 0.00286365 -0.00522843 0.00926834 0.00286365 1.56274 1.60809 -0.0466038 0.522176 0.0112556 1.0341 0 0 0 0 0 0
0.00514935 0.530852 1.51215 0 0 0 0 0 0 -0.00514935 0.00914806 0.00284851 -0.00514935 0.00914806 0.00284851 1.56288 1.60763 -0.0460872 0.522283 0.0111509 1.03423 0 0 0 0 0 0
0.00506465 0.530967 1.51216 0 0 0 0 0 0 -0.00506465 0.00903249 0.00283515 -0.00506465 0.00903249 0.00283515 1.56302 1.60718 -0.045588 0.522379 0.0110357 1.03441 0 0 0 0 0 0
0.00498066 0.531084 1.51218 0 0 0 0 0 0 -0.00498066 0.00891632 0.00282145 -0.00498066 0.00891632 0.00282145 1.56316 1.60674 -0.0450888 0.522473 0.0109293 1.03451 0 0 0 0 0 0
0.00489495 0.531197 1.51221 0 0 0 0 0 0 -0.00489495 0.00880325 0.00279188 -0.00489495 0.00880325 0.00279188 1.56331 1.60629 -0.044553 0.522569 0.0108141 1.03463 0 0 0 0 0 0
0.00482026 0.5313 1.51226 0 0 0 0 0 0 -0.00482026 0.00870037 0.00274241 -0.00482026 0.00870037 0.00274241 1.56343 1.60587 -0.0439963 0.522665 0.0106989 1.03476 0 0 0 0 0 0
0.00473998 0.531404 1.5123 0 0 0 0 0 0 -0.00473998 0.00859642 0.00269771 -0.00473998 0.00859642 0.00269771 1.56357 1.60545 -0.04345 0.522761 0.0105837 1.03488 0 0 0 0 0 0
0.00467077 0.53151 1.51233 0 0 0 0 0 0 -0.00467077 0.00848991 0.00266874 -0.00467077 0.00848991 0.00266874 1.56368 1.60503 -0.0429421 0.522848 0.010479 1.03502 0 0 0 0 0 0
0.00460711 0.531619 1.51235 0 0 0 0 0 0 -0.00460711 0.00838113 0.00264943 -0.00460711 0.00838113 0.00264943 1.56379 1.60461 -0.0424534 0.522934 0.0103742 1.03507 0 0 0 0 0 0
0.00453303 0.531728 1.51237 0 0 0 0 0 0 -0.00453303 0.00827152 0.00263298 -0.00453303 0.00827152 0.00263298 1.56391 1.60418 -0.0419734 0.523021 0.0102782 1.03516 0 0 0 0 0 0
0.00446609 0.531834 1.51239 0 0 0 0 0 0 -0.00446609 0.0081659 0.00260568 -0.00446609 0.0081659 0.00260568 1.56403 1.60377 -0.0414847 0.523098 0.0102014 1.03525 0 0 0 0 0 0
0.00439443 0.531936 1.51243 0 0 0 0 0 0 -0.00439443 0.00806439 0.00256634 -0.00439443 0.00806439 0.00256634 1.56415 1.60336 -0.0409768 0.523164 0.0101247 1.03533 0 0 0 0 0 0
0.00432486 0.532033 1.51248 0 0 0 0 0 0 -0.00432486 0.00796694 0.00252247 -0.00432486 0.00796694 0.00252247 1.56427 1.60296 -0.0404585 0.523241 0.0100182 1.03541 0 0 0 0 0 0
0.0042617 0.532132 1.5125 0 0 0 0 0 0 -0.0042617 0.00786775 0.00249517 -0.0042617 0.00786775 0.00249517 1.56437 1.60257 -0.039989 0.523318 0.00993267 1.0355 0 0 0 0 0 0
0.00419931 0.532231 1.51252 0 0 0 0 0 0 -0.00419931 0.00776869 0.002478 -0.00419931 0.00776869 0.002478 1.56448 1.60219 -0.0395474 0.523403 0.0098454 1.03559 0 0 0 0 0 0
0.00413539 0.532331 1.51253 0 0 0 0 0 0 -0.00413539 0.00766861 0.00246835 -0.00413539 0.00766861 0.00246835 1.56458 1.60181 -0.0391163 0.523471 0.00974068 1.03565 0 0 0 0 0 0
0.00407609 0.532428 1.51255 0 0 0 0 0 0 -0.00407609 0.00757176 0.00245464 -0.00407609 0.00757176 0.00245464 1.56468 1.60143 -0.0386852 0.523548 0.00963596 1.03572 0 0 0 0 0 0
0.00401031 0.532526 1.51258 0 0 0 0 0 0 -0.00401031 0.0074743 0.00242293 -0.00401031 0.0074743 0.00242293 1.56479 1.60104 -0.0381965 0.523625 0.00952077 1.03579 0 0 0 0 0 0
0.00395565 0.532622 1.51261 0 0 0 0 0 0 -0.00395565 0.00737786 0.00238645 -0.00395565 0.00737786 0.00238645 1.56487 1.60065 -0.0376974 0.523702 0.00940558 1.03585 0 0 0 0 0 0
0.00389537 0.532715 1.51265 0 0 0 0 0 0 -0.00389537 0.00728542 0.00234842 -0.00389537 0.00728542 0.00234842 1.56497 1.60027 -0.0372087 0.523779 0.00929039 1.03594 0 0 0 0 0 0
0.00383418 0.532806 1.51268 0 0 0 0 0 0 -0.00383418 0.00719368 0.00232089 -0.00383418 0.00719368 0.00232089 1.56506 1.5999 -0.0367479 0.523854 0.00916472 1.03603 0 0 0 0 0 0
0.00377473 0.532893 1.51271 0 0 0 0 0 0 -0.00377473 0.00710744 0.00229394 -0.00377473 0.00710744 0.00229394 1.56516 1.59956 -0.0363168 0.523941 0.00906 1.03614 0 0 0 0 0 0
0.00371439 0.532984 1.51272 0 0 0 0 0 0 -0.00371439 0.00701624 0.00228465 -0.00371439 0.00701624 0.00228465 1.56525 1.59921 -0.0359136 0.524026 0.00894481 1.03623 0 0 0 0 0 0
0.00365565 0.53307 1.51274 0 0 0 0 0 0 -0.00365565 0.00692981 0.00226045 -0.00365565 0.00692981 0.00226045 1.56535 1.59886 -0.035493 0.524114 0.00884882 1.0363 0 0 0 0 0 0
0.00359778 0.53316 1.51276 0 0 0 0 0 0 -0.00359778 0.00683969 0.00223875 -0.00359778 0.00683969 0.00223875 1.56545 1.59851 -0.0350706 0.52419 0.0087633 1.03636 0 0 0 0 0 0
0.00353898 0.533242 1.5128 0 0 0 0 0 0 -0.00353898 0.00675762 0.00220168 -0.00353898 0.00675762 0.00220168 1.56554 1.59817 -0.0346291 0.524286 0.00866731 1.03644 0 0 0 0 0 0
0.00347711 0.533324 1.51283 0 0 0 0 0 0 -0.00347711 0.00667608 0.0021683 -0.00347711 0.00667608 0.0021683 1.56565 1.59784 -0.0342085 0.524353 0.00859051 1.0365 0 0 0 0 0 0
0.00341899 0.533403 1.51286 0 0 0 0 0 0 -0.00341899 0.00659716 0.00213587 -0.00341899 0.00659716 0.00213587 1.56574 1.59752 -0.0337948 0.52444 0.00850324 1.03655 0 0 0 0 0 0
0.00336566 0.533487 1.51288 0 0 0 0 0 0 -0.00336566 0.0065133 0.0021168 -0.00336566 0.0065133 0.0021168 1.56583 1.59719 -0.0334021 0.524506 0.00841772 1.03661 0 0 0 0 0 0
0.00332512 0.53357 1.5129 0 0 0 0 0 0 -0.00332512 0.00642955 0.00210488 -0.00332512 0.00642955 0.00210488 1.5659 1.59687 -0.0330373 0.524573 0.0083514 1.0367 0 0 0 0 0 0
0.00328203 0.533651 1.51291 0 0 0 0 0 0 -0.00328203 0.00634879 0.00209403 -0.00328203 0.00634879 0.00209403 1.56596 1.59655 -0.0326743 0.524641 0.00825541 1.03679 0 0 0 0 0 0
0.00323408 0.533734 1.51292 0 0 0 0 0 0 -0.00323408 0.00626588 0.00208032 -0.00323408 0.00626588 0.00208032 1.56604 1.59623 -0.0322991 0.524698 0.00816814 1.03686 0 0 0 0 0 0
0.00318141 0.533814 1.51295 0 0 0 0 0 0 -0.00318141 0.00618595 0.00205207 -0.00318141 0.00618595 0.00205207 1.56613 1.59591 -0.0318976 0.524756 0.00809135 1.03692 0 0 0 0 0 0
0.00313354 0.53389 1.51298 0 0 0 0 0 0 -0.00313354 0.00610948 0.00201714 -0.00313354 0.00610948 0.00201714 1.5662 1.59559 -0.0314857 0.524803 0.00800583 1.03696 0 0 0 0 0 0
0.00308173 0.533963 1.51303 0 0 0 0 0 0 -0.00308173 0.00603724 0.00196791 -0.00308173 0.00603724 0.00196791 1.56629 1.59529 -0.0310529 0.524861 0.00792903 1.03702 0 0 0 0 0 0
0.00303531 0.534038 1.51307 0 0 0 0 0 0 -0.00303531 0.00596243 0.00193202 -0.00303531 0.00596243 0.00193202 1.56637 1.59498 -0.0306515 0.52491 0.00786096 1.03711 0 0 0 0 0 0
0.00298649 0.53411 1.51309 0 0 0 0 0 0 -0.00298649 0.00588989 0.00191021 -0.00298649 0.00588989 0.00191021 1.56644 1.59469 -0.0302867 0.524957 0.00776497 1.03715 0 0 0 0 0 0
0.00293946 0.534185 1.5131 0 0 0 0 0 0 -0.00293946 0.00581473 0.00189912 -0.00293946 0.00581473 0.00189912 1.56652 1.5944 -0.0299516 0.525014 0.00768992 1.0372 0 0 0 0 0 0
0.0028914 0.534264 1.5131 0 0 0 0 0 0 -0.0028914 0.00573635 0.0018971 -0.0028914 0.00573635 0.0018971 1.5666 1.5941 -0.0296252 0.525072 0.00760265 1.03726 0 0 0 0 0 0
0.00285069 0.534339 1.51312 0 0 0 0 0 0 -0.00285069 0.00566131 0.0018847 -0.00285069 0.00566131 0.0018847 1.56666 1.59381 -0.0292901 0.525129 0.00753633 1.0373 0 0 0 0 0 0
0.00280347 0.534416 1.51313 0 0 0 0 0 0 -0.00280347 0.005584 0.00187302 -0.00280347 0.005584 0.00187302 1.56674 1.59351 -0.0289445 0.525178 0.00745954 1.03737 0 0 0 0 0 0
0.00275622 0.534487 1.51315 0 0 0 0 0 0 -0.00275622 0.00551295 0.00185335 -0.00275622 0.00551295 0.00185335 1.56682 1.59322 -0.028599 0.525225 0.00738274 1.03745 0 0 0 0 0 0
0.00270895 0.534556 1.51318 0 0 0 0 0 0 -0.00270895 0.00544375 0.00182164 -0.00270895 0.00544375 0.00182164 1.56689 1.59294 -0.0282255 0.525273 0.00730595 1.03751 0 0 0 0 0 0
0.0026647 0.534624 1.5132 0 0 0 0 0 0 -0.0026647 0.00537598 0.00179756 -0.0026647 0.00537598 0.00179756 1.56696 1.59266 -0.0278712 0.52533 0.00720996 1.03758 0 0 0 0 0 0
0.00262374 0.534689 1.51323 0 0 0 0 0 0 -0.00262374 0.00531095 0.00176537 -0.00262374 0.00531095 0.00176537 1.56703 1.59239 -0.0275151 0.525379 0.00714189 1.03764 0 0 0 0 0 0
0.00258199 0.534754 1.51326 0 0 0 0 0 0 -0.00258199 0.00524622 0.00174356 -0.00258199 0.00524622 0.00174356 1.5671 1.59213 -0.0271905 0.525437 0.00707556 1.03771 0 0 0 0 0 0
0.00254115 0.534815 1.51328 0 0 0 0 0 0 -0.00254115 0.00518501 0.00172353 -0.00254115 0.00518501 0.00172353 1.56716 1.59189 -0.0268833 0.525494 0.00700924 1.03777 0 0 0 0 0 0
0.00250408 0.53488 1.51328 0 0 0 0 0 0 -0.00250408 0.00511956 0.00171721 -0.00250408 0.00511956 0.00171721 1.56722 1.59164 -0.0265953 0.525541 0.00693245 1.03781 0 0 0 0 0 0
0.00247241 0.534943 1.51329 0 0 0 0 0 0 -0.00247241 0.00505668 0.00170636 -0.00247241 0.00505668 0.00170636 1.56727 1.59139 -0.0263073 0.525599 0.00686438 1.03784 0 0 0 0 0 0
0.00243551 0.535005 1.51331 0 0 0 0 0 0 -0.00243551 0.00499517 0.00169325 -0.00243551 0.00499517 0.00169325 1.56732 1.59115 -0.0260106 0.525657 0.00677886 1.03787 0 0 0 0 0 0
0.00239354 0.535066 1.51333 0 0 0 0 0 0 -0.00239354 0.00493389 0.00167346 -0.00239354 0.00493389 0.00167346 1.56739 1.5909 -0.0257035 0.525705 0.00671079 1.03791 0 0 0 0 0 0
0.00235643 0.53513 1.51334 0 0 0 0 0 0 -0.00235643 0.00487018 0.0016582 -0.00235643 0.00487018 0.0016582 1.56745 1.59065 -0.0253963 0.525753 0.006634 1.03794 0 0 0 0 0 0
0.0023202 0.535189 1.51337 0 0 0 0 0 0 -0.0023202 0.00481057 0.00163019 -0.0023202 0.00481057 0.00163019 1.56751 1.5904 -0.0250717 0.52581 0.00656767 1.038 0 0 0 0 0 0
0.00228307 0.535251 1.51339 0 0 0 0 0 0 -0.00228307 0.00474852 0.00160599 -0.00228307 0.00474852 0.00160599 1.56757 1.59015 -0.0247453 0.525859 0.00649088 1.03806 0 0 0 0 0 0
0.00224666 0.535308 1.51343 0 0 0 0 0 0 -0.00224666 0.00469214 0.00157344 -0.00224666 0.00469214 0.00157344 1.56762 1.58991 -0.0244189 0.525906 0.00642281 1.03812 0 0 0 0 0 0
0.0022095 0.535365 1.51345 0 0 0 0 0 0 -0.0022095 0.00463486 0.00154698 -0.0022095 0.00463486 0.00154698 1.56768 1.58967 -0.024103 0.525953 0.00634602 1.03816 0 0 0 0 0 0
0.00217808 0.535421 1.51347 0 0 0 0 0 0 -0.00217808 0.00457931 0.00153089 -0.00217808 0.00457931 0.00153089 1.56773 1.58945 -0.0238237 0.526002 0.00627097 1.0382 0 0 0 0 0 0
0.00214164 0.535479 1.51348 0 0 0 0 0 0 -0.00214164 0.00452083 0.00152194 -0.00214164 0.00452083 0.00152194 1.56779 1.58922 -0.0235567 0.52604 0.0062029 1.03825 0 0 0 0 0 0
0.00211002 0.535536 1.51349 0 0 0 0 0 0 -0.00211002 0.00446367 0.00151348 -0.00211002 0.00446367 0.00151348 1.56783 1.589 -0.0232967 0.526088 0.00613658 1.03829 0 0 0 0 0 0
0.00207357 0.535593 1.51349 0 0 0 0 0 0 -0.00207357 0.00440693 0.00150537 -0.00207357 0.00440693 0.00150537 1.56789 1.58877 -0.0230383 0.526126 0.00606851 1.03835 0 0 0 0 0 0
0.00204287 0.535652 1.5135 0 0 0 0 0 0 -0.00204287 0.00434798 0.0014962 -0.00204287 0.00434798 0.0014962 1.56794 1.58854 -0.0227696 0.526164 0.00600219 1.03836 0 0 0 0 0 0
0.00200641 0.535713 1.51351 0 0 0 0 0 0 -0.00200641 0.0042873 0.00148642 -0.00200641 0.0042873 0.00148642 1.568 1.58831 -0.0224921 0.526203 0.00593412 1.0384 0 0 0 0 0 0
0.0019748 0.535768 1.51353 0 0 0 0 0 0 -0.0019748 0.00423169 0.00147152 -0.0019748 0.00423169 0.00147152 1.56804 1.58808 -0.0222146 0.526252 0.00585732 1.03845 0 0 0 0 0 0
0.00194875 0.535823 1.51355 0 0 0 0 0 0 -0.00194875 0.0041768 0.0014534 -0.00194875 0.0041768 0.0014534 1.56808 1.58786 -0.0219353 0.52629 0.005791 1.03851 0 0 0 0 0 0
0.00191855 0.535874 1.51357 0 0 0 0 0 0 -0.00191855 0.00412589 0.00143206 -0.00191855 0.00412589 0.00143206 1.56813 1.58765 -0.0216683 0.526318 0.00574213 1.03854 0 0 0 0 0 0
0.00189322 0.535926 1.51359 0 0 0 0 0 0 -0.00189322 0.00407356 0.00140953 -0.00189322 0.00407356 0.00140953 1.56817 1.58744 -0.021389 0.526356 0.00568454 1.03858 0 0 0 0 0 0
0.00186321 0.535977 1.51361 0 0 0 0 0 0 -0.00186321 0.00402343 0.00138783 -0.00186321 0.00402343 0.00138783 1.56822 1.58723 -0.0211202 0.526395 0.00562694 1.03864 0 0 0 0 0 0
0.00183239 0.536023 1.51364 0 0 0 0 0 0 -0.00183239 0.00397736 0.00136435 -0.00183239 0.00397736 0.00136435 1.56827 1.58704 -0.0208619 0.526433 0.00557109 1.03868 0 0 0 0 0 0
0.00180779 0.536069 1.51366 0 0 0 0 0 0 -0.00180779 0.00393051 0.00134385 -0.00180779 0.00393051 0.00134385 1.5683 1.58685 -0.0206123 0.526472 0.00552222 1.03873 0 0 0 0 0 0
0.00177702 0.536118 1.51367 0 0 0 0 0 0 -0.00177702 0.00388193 0.00133491 -0.00177702 0.00388193 0.00133491 1.56835 1.58666 -0.020382 0.52652 0.0054559 1.03879 0 0 0 0 0 0
0.00175076 0.536167 1.51366 0 0 0 0 0 0 -0.00175076 0.00383335 0.00133681 -0.00175076 0.00383335 0.00133681 1.56839 1.58647 -0.0201812 0.526559 0.00538783 1.03886 0 0 0 0 0 0
0.0017263 0.536215 1.51367 0 0 0 0 0 0 -0.0017263 0.00378448 0.00132918 -0.0017263 0.00378448 0.00132918 1.56843 1.58628 -0.0199613 0.526597 0.00534071 1.03891 0 0 0 0 0 0
0.00170003 0.536262 1.51368 0 0 0 0 0 0 -0.00170003 0.00373775 0.00132143 -0.00170003 0.00373775 0.00132143 1.56847 1.5861 -0.0197397 0.526634 0.00527264 1.03896 0 0 0 0 0 0
0.00167069 0.536313 1.51368 0 0 0 0 0 0 -0.00167069 0.00368732 0.0013181 -0.00167069 0.00368732 0.0013181 1.56852 1.58591 -0.0195302 0.526672 0.00523424 1.03901 0 0 0 0 0 0
0.00164062 0.536357 1.5137 0 0 0 0 0 0 -0.00164062 0.00364286 0.00129914 -0.00164062 0.00364286 0.00129914 1.56856 1.58572 -0.0192894 0.526711 0.00517665 1.03905 0 0 0 0 0 0
0.00161524 0.536408 1.51371 0 0 0 0 0 0 -0.00161524 0.00359201 0.00128889 -0.00161524 0.00359201 0.00128889 1.5686 1.58552 -0.0190503 0.526749 0.00511905 1.0391 0 0 0 0 0 0
0.00159073 0.536452 1.51374 0 0 0 0 0 0 -0.00159073 0.00354832 0.00126421 -0.00159073 0.00354832 0.00126421 1.56864 1.58534 -0.0188007 0.526779 0.00507193 1.03916 0 0 0 0 0 0
0.00157095 0.536493 1.51376 0 0 0 0 0 0 -0.00157095 0.0035072 0.00123787 -0.00157095 0.0035072 0.00123787 1.56867 1.58516 -0.0185511 0.526826 0.00501433 1.03918 0 0 0 0 0 0
0.00155023 0.536534 1.51379 0 0 0 0 0 0 -0.00155023 0.00346589 0.00121248 -0.00155023 0.00346589 0.00121248 1.5687 1.58499 -0.0183033 0.526864 0.00495674 1.03921 0 0 0 0 0 0
0.00152572 0.536578 1.51381 0 0 0 0 0 0 -0.00152572 0.0034216 0.00118864 -0.00152572 0.0034216 0.00118864 1.56874 1.5848 -0.0180537 0.526903 0.00490961 1.03923 0 0 0 0 0 0
0.00150029 0.536618 1.51383 0 0 0 0 0 0 -0.00150029 0.00338185 0.00116718 -0.00150029 0.00338185 0.00116718 1.56877 1.58463 -0.0178233 0.526932 0.00485202 1.03925 0 0 0 0 0 0
0.00148049 0.536662 1.51385 0 0 0 0 0 0 -0.00148049 0.00333822 0.00115395 -0.00148049 0.00333822 0.00115395 1.5688 1.58446 -0.0176016 0.52696 0.00479442 1.03927 0 0 0 0 0 0
0.00145417 0.536705 1.51385 0 0 0 0 0 0 -0.00145417 0.00329524 0.0011487 -0.00145417 0.00329524 0.0011487 1.56884 1.58429 -0.0174009 0.52699 0.00472635 1.03928 0 0 0 0 0 0
0.00143039 0.536745 1.51386 0 0 0 0 0 0 -0.00143039 0.00325459 0.00113916 -0.00143039 0.00325459 0.00113916 1.56888 1.58413 -0.0172089 0.527037 0.00468795 1.03931 0 0 0 0 0 0
0.00141053 0.536788 1.51387 0 0 0 0 0 0 -0.00141053 0.00321162 0.00113082 -0.00141053 0.00321162 0.00113082 1.56891 1.58396 -0.0170082 0.527067 0.00464083 1.03935 0 0 0 0 0 0
0.0013842 0.536829 1.51387 0 0 0 0 0 0 -0.0013842 0.00317103 0.00112569 -0.0013842 0.00317103 0.00112569 1.56895 1.5838 -0.0168162 0.527105 0.00457276 1.03938 0 0 0 0 0 0
0.0013604 0.53687 1.51388 0 0 0 0 0 0 -0.0013604 0.00312972 0.00111699 -0.0013604 0.00312972 0.00111699 1.56898 1.58363 -0.0166243 0.527133 0.00453437 1.03941 0 0 0 0 0 0
0.00133585 0.536912 1.51389 0 0 0 0 0 0 -0.00133585 0.00308818 0.00111365 -0.00133585 0.00308818 0.00111365 1.56902 1.58347 -0.0164427 0.527163 0.00448724 1.03944 0 0 0 0 0 0
0.00131676 0.536951 1.5139 0 0 0 0 0 0 -0.00131676 0.00304854 0.00110078 -0.00131676 0.00304854 0.00110078 1.56905 1.58331 -0.0162403 0.527191 0.00443837 1.03947 0 0 0 0 0 0
0.0012922 0.53699 1.51391 0 0 0 0 0 0 -0.0012922 0.00301021 0.00109017 -0.0012922 0.00301021 0.00109017 1.56909 1.58316 -0.01605 0.52722 0.00439125 1.03951 0 0 0 0 0 0
0.00127217 0.537027 1.51393 0 0 0 0 0 0 -0.00127217 0.00297308 0.00107408 -0.00127217 0.00297308 0.00107408 1.56912 1.58301 -0.0158476 0.527248 0.00434238 1.03954 0 0 0 0 0 0
0.00125322 0.537062 1.51394 0 0 0 0 0 0 -0.00125322 0.00293809 0.00105858 -0.00125322 0.00293809 0.00105858 1.56915 1.58286 -0.0156556 0.527278 0.00429526 1.03959 0 0 0 0 0 0
0.00123243 0.537097 1.51396 0 0 0 0 0 0 -0.00123243 0.00290328 0.00104141 -0.00123243 0.00290328 0.00104141 1.56918 1.58272 -0.0154549 0.527306 0.00423766 1.03963 0 0 0 0 0 0
0.00121347 0.537131 1.51398 0 0 0 0 0 0 -0.00121347 0.00286907 0.00102186 -0.00121347 0.00286907 0.00102186 1.5692 1.58257 -0.0152542 0.527334 0.00419054 1.03968 0 0 0 0 0 0
0.00118963 0.537166 1.51399 0 0 0 0 0 0 -0.00118963 0.00283349 0.00100601 -0.00118963 0.00283349 0.00100601 1.56924 1.58242 -0.0150622 0.527363 0.00415214 1.0397 0 0 0 0 0 0
0.0011761 0.537196 1.51402 0 0 0 0 0 0 -0.0011761 0.0028035 0.000982761 -0.0011761 0.0028035 0.000982761 1.56926 1.58229 -0.0148702 0.527391 0.00411374 1.03973 0 0 0 0 0 0
0.00115694 0.537231 1.51403 0 0 0 0 0 0 -0.00115694 0.00276941 0.000971794 -0.00115694 0.00276941 0.000971794 1.56929 1.58215 -0.0146974 0.527421 0.00407534 1.03976 0 0 0 0 0 0
0.00113947 0.537265 1.51404 0 0 0 0 0 0 -0.00113947 0.0027352 0.000959516 -0.00113947 0.0027352 0.000959516 1.56932 1.58202 -0.0145246 0.52744 0.00404567 1.03979 0 0 0 0 0 0
0.00112031 0.5373 1.51405 0 0 0 0 0 0 -0.00112031 0.00270015 0.000953317 -0.00112031 0.00270015 0.000953317 1.56935 1.58188 -0.0143623 0.527468 0.00400728 1.03984 0 0 0 0 0 0
0.00110513 0.537337 1.51405 0 0 0 0 0 0 -0.00110513 0.00266343 0.000948429 -0.00110513 0.00266343 0.000948429 1.56937 1.58173 -0.0141895 0.527498 0.00394968 1.03987 0 0 0 0 0 0
0.00108526 0.537373 1.51405 0 0 0 0 0 0 -0.00108526 0.00262678 0.000953197 -0.00108526 0.00262678 0.000953197 1.5694 1.5816 -0.0140447 0.527517 0.00389208 1.03988 0 0 0 0 0 0
0.00107171 0.537407 1.51405 0 0 0 0 0 0 -0.00107171 0.00259328 0.000948668 -0.00107171 0.00259328 0.000948668 1.56942 1.58147 -0.0138928 0.527536 0.00385369 1.03989 0 0 0 0 0 0
0.00105348 0.53744 1.51406 0 0 0 0 0 0 -0.00105348 0.0025599 0.000943422 -0.00105348 0.0025599 0.000943422 1.56944 1.58133 -0.0137392 0.527564 0.00381529 1.03991 0 0 0 0 0 0
0.0010352 0.537474 1.51406 0 0 0 0 0 0 -0.0010352 0.00252581 0.000940681 -0.0010352 0.00252581 0.000940681 1.56947 1.5812 -0.0135944 0.527583 0.00378736 1.03994 0 0 0 0 0 0
0.00101696 0.537504 1.51407 0 0 0 0 0 0 -0.00101696 0.00249559 0.000931382 -0.00101696 0.00249559 0.000931382 1.5695 1.58108 -0.0134408 0.527603 0.00374897 1.03993 0 0 0 0 0 0
0.00100251 0.537538 1.51407 0 0 0 0 0 0 -0.00100251 0.00246209 0.000928402 -0.00100251 0.00246209 0.000928402 1.56952 1.58095 -0.0132889 0.527632 0.0037001 1.03995 0 0 0 0 0 0
0.00098258 0.53757 1.51408 0 0 0 0 0 0 -0.00098258 0.00243026 0.000918746 -0.00098258 0.00243026 0.000918746 1.56955 1.58082 -0.0131249 0.527651 0.00365297 1.03996 0 0 0 0 0 0
0.000968125 0.537601 1.51409 0 0 0 0 0 0 -0.000968125 0.00239944 0.000911832 -0.000968125 0.00239944 0.000911832 1.56957 1.5807 -0.0129713 0.527671 0.0036041 1.03998 0 0 0 0 0 0
0.000955459 0.53763 1.5141 0 0 0 0 0 0 -0.000955459 0.00237 0.000896931 -0.000955459 0.00237 0.000896931 1.56959 1.58058 -0.012809 0.52769 0.00357618 1.03999 0 0 0 0 0 0
0.000937203 0.537659 1.51412 0 0 0 0 0 0 -0.000937203 0.00234056 0.000883579 -0.000937203 0.00234056 0.000883579 1.56962 1.58045 -0.0126467 0.527709 0.00353778 1.03999 0 0 0 0 0 0
0.000923635 0.537686 1.51413 0 0 0 0 0 0 -0.000923635 0.00231379 0.000866175 -0.000923635 0.00231379 0.000866175 1.56964 1.58034 -0.0124826 0.527728 0.00349939 1.04 0 0 0 0 0 0
0.000910965 0.537712 1.51416 0 0 0 0 0 0 -0.000910965 0.00228781 0.000843167 -0.000910965 0.00228781 0.000843167 1.56965 1.58022 -0.0123098 0.527756 0.00347146 1.04002 0 0 0 0 0 0
0.000897395 0.537739 1.51417 0 0 0 0 0 0 -0.000897395 0.00226086 0.000826597 -0.000897395 0.00226086 0.000826597 1.56967 1.58011 -0.0121475 0.527775 0.00343306 1.04005 0 0 0 0 0 0
0.000882933 0.537768 1.51419 0 0 0 0 0 0 -0.000882933 0.00223231 0.000810027 -0.000882933 0.00223231 0.000810027 1.56969 1.57999 -0.0119747 0.527805 0.00338419 1.04007 0 0 0 0 0 0
0.00086936 0.537795 1.51421 0 0 0 0 0 0 -0.00086936 0.00220543 0.000793457 -0.00086936 0.00220543 0.000793457 1.56971 1.57987 -0.0118124 0.527824 0.0033458 1.04009 0 0 0 0 0 0
0.000856681 0.537821 1.51422 0 0 0 0 0 0 -0.000856681 0.00217944 0.000780225 -0.000856681 0.00217944 0.000780225 1.56973 1.57976 -0.0116675 0.527843 0.00331787 1.04012 0 0 0 0 0 0
0.000843849 0.537849 1.51423 0 0 0 0 0 0 -0.000843849 0.00215083 0.000771284 -0.000843849 0.00215083 0.000771284 1.56975 1.57965 -0.0115244 0.527852 0.0032882 1.04013 0 0 0 0 0 0
0.000831166 0.537874 1.51425 0 0 0 0 0 0 -0.000831166 0.00212628 0.000753164 -0.000831166 0.00212628 0.000753164 1.56977 1.57954 -0.0113708 0.527871 0.00326028 1.04016 0 0 0 0 0 0
0.000817585 0.537897 1.51426 0 0 0 0 0 0 -0.000817585 0.00210249 0.000742435 -0.000817585 0.00210249 0.000742435 1.56979 1.57944 -0.0112364 0.527891 0.00322188 1.04019 0 0 0 0 0 0
0.000804753 0.537924 1.51427 0 0 0 0 0 0 -0.000804753 0.00207555 0.000734329 -0.000804753 0.00207555 0.000734329 1.56981 1.57933 -0.011102 0.52791 0.00319221 1.0402 0 0 0 0 0 0
0.000791173 0.537952 1.51427 0 0 0 0 0 0 -0.000791173 0.00204837 0.000731587 -0.000791173 0.00204837 0.000731587 1.56983 1.57923 -0.0109781 0.527929 0.00315381 1.04023 0 0 0 0 0 0
0.000777592 0.53798 1.51427 0 0 0 0 0 0 -0.000777592 0.00201976 0.000733733 -0.000777592 0.00201976 0.000733733 1.56985 1.57912 -0.0108629 0.527948 0.00311541 1.04026 0 0 0 0 0 0
0.000769603 0.538009 1.51426 0 0 0 0 0 0 -0.000769603 0.00199097 0.000737667 -0.000769603 0.00199097 0.000737667 1.56986 1.57901 -0.0107565 0.527967 0.00308749 1.04029 0 0 0 0 0 0
0.000756018 0.538035 1.51426 0 0 0 0 0 0 -0.000756018 0.00196493 0.000736594 -0.000756018 0.00196493 0.000736594 1.56988 1.57891 -0.0106413 0.527987 0.00304909 1.04034 0 0 0 0 0 0
0.000742432 0.538061 1.51427 0 0 0 0 0 0 -0.000742432 0.00193864 0.000728965 -0.000742432 0.00193864 0.000728965 1.5699 1.5788 -0.0105069 0.528006 0.00301069 1.04035 0 0 0 0 0 0
