0.539999 0 1.515 0 0 0 0 0 0 0 0 0 0 0 0 -0 1.5708 1.0472e-05 -0 -0 -0 0 1.5708 1.0472e-05 0 0 0
0.539999 0 1.515 0 0 0 0 0 0 0 0 0 0 0 0 -0 1.5708 1.0472e-05 -0 -0 -0 0.000266573 1.5708 1.04702e-05 0 0 0.000266573
0.539999 0 1.515 0 0 0 0 0 0 0 0 0 0 0 0 -0 1.5708 1.0472e-05 -0 -0 -0 0.00106629 1.5708 1.04649e-05 0 0 0.00106629
0.539999 0 1.515 0 0 0 0 0 0 0 0 0 0 0 0 -0 1.5708 1.0472e-05 -0 -0 -0 0.00239916 1.5708 1.0456e-05 0 0 0.00239916
0.539999 0 1.515 0 0 0 0 0 0 0 0 0 0 0 0 -0 1.5708 1.0472e-05 -0 -0 -0 0.00426517 1.5708 1.04435e-05 0 0 0.00426517
0.539999 0 1.515 0 0 0 0 0 0 0 0 0 0 0 0 -0 1.5708 1.0472e-05 -0 -0 -0 0.00666432 1.5708 1.04275e-05 0 0 0.00666432
0.539999 0 1.515 0 0 0 0 0 0 0 0 0 0 0 0 -0 1.5708 1.0472e-05 -0 -0 -0 0.00959663 1.5708 1.0408e-05 0 0 0.00959663
0.539999 0 1.515 0 0 0 0 0 0 0 0 0 0 0 0 -0 1.5708 1.0472e-05 -0 -0 -0 0.0130621 1.5708 1.03849e-05 0 0 0.0130621
0.539999 0 1.515 0 0 0 0 0 0 0 0 0 0 0 0 -0 1.5708 1.0472e-05 -0 -0 -0 0.0170607 1.5708 1.03582e-05 0 0 0.0170607
0.539999 0 1.515 0 0 0 0 0 0 0 0 0 0 0 0 -0 1.5708 1.0472e-05 -0 -0 -0 0.0215924 1.5708 1.0328e-05 0 0 0.0215924
0.539999 1.50796e-05 1.515 0 0 0 0 0 0 0 0 0 0 0 0 2.79253e-05 1.5708 1.0472e-05 -0 -0 1.5708e-05 0.0266573 1.5708 1.02943e-05 0 0 0.0266573
0.539999 9.80175e-05 1.515 0 0 0 0 0 0 0 0 0 0 0 0 0.000181514 1.5708 1.0472e-05 -0 -0 3.14159e-05 0.0322553 1.5708 1.02569e-05 0 0 0.0322553
0.539999 0.000342119 1.515 0 0 0 0 0 0 0 0 0 0 0 0 0.000633555 1.5708 1.0472e-05 -0 -0 6.10865e-05 0.0383865 1.5708 1.02161e-05 0 0 0.0383865
0.539999 0.000760578 1.515 0 0 0 0 0 0 0 0 0 0 0 0 0.00140848 1.5708 1.0472e-05 -0 -0 0.000260054 0.0450508 1.5708 1.01716e-05 0 0 0.0450508
0.539997 0.00139769 1.515 0 0 0 0 0 0 0 0 0 0 0 0 0.00258832 1.5708 1.0472e-05 -0 -0 0.00105767 0.0522483 1.5708 1.01237e-05 0 0 0.0522483
0.539994 0.00228267 1.515 0 0 0 0 0 0 0 0 0 0 0 0 0.00422719 1.5708 1.0472e-05 -0 -0 0.00257785 0.0599789 1.5708 1.00721e-05 0 0 0.0599789
0.539988 0.00341645 1.515 0 0 0 0 0 0 0 0 0 0 0 0 0.00632682 1.5708 1.0472e-05 -0 -0 0.0048014 0.0682427 1.5708 1.0017e-05 0 0 0.0682427
0.539978 0.00480939 1.515 0 0 0 0 0 0 0 0 0 0 0 0 0.00890642 1.5708 1.0472e-05 -0 -0 0.00760789 0.0770396 1.5708 9.95838e-06 0 0 0.0770396
0.539961 0.00648692 1.515 0 0 0 0 0 0 0 0 0 0 0 0 0.0120131 1.5708 -0 -0 -0 0.0111666 0.0863696 1.5708 9.89618e-06 0 0 0.0863696
0.539933 0.00846969 1.515 0 0 0 0 0 0 0 0 0 0 0 0 0.0156853 1.5708 1.0472e-05 -0 -0 0.0150482 0.0962328 1.5708 9.83042e-06 0 0 0.0962328
0.539892 0.0107624 1.515 0 0 0 0 0 0 0 0 0 0 0 0 0.0199317 1.5708 1.0472e-05 -0 -0 0.0194657 0.106629 1.5708 9.76111e-06 0 0 0.106629
0.539835 0.0133243 1.515 0 0 0 0 0 0 0 0 0 0 0 0 0.0246772 1.5708 1.0472e-05 -0 -0 0.0243753 0.117559 1.5708 9.68825e-06 0 0 0.117559
0.539756 0.0161969 1.515 0 0 0 0 0 0 0 0 0 0 0 0 0.0299987 1.5708 1.0472e-05 -0 -0 0.0298207 0.129021 1.5708 9.61183e-06 0 0 0.129021
0.539652 0.0193637 1.515 0 0 0 0 0 0 0 0 0 0 0 0 0.0358665 1.5708 1.0472e-05 -0 -0 0.0357426 0.141017 1.5708 9.53186e-06 0 0 0.141017
0.539515 0.0228501 1.515 0 0 0 0 0 0 0 0 0 0 0 0 0.0423277 1.5708 1.0472e-05 -0 -0 0.0422614 0.153546 1.5708 9.44834e-06 0 0 0.153546
0.539342 0.0266415 1.515 0 0 0 0 0 0 0 0 0 0 0 0 0.0493562 1.5708 -0 -0 -0 0.0494103 0.166608 1.5708 9.36126e-06 0 0 0.166608
0.539123 0.0307873 1.515 0 0 0 0 0 0 0 0 0 0 0 0 0.0570443 1.57079 1.0472e-05 -0 -0 0.0572643 0.180203 1.5708 9.27062e-06 0 0 0.180203
0.538851 0.035252 1.515 0 0 0 0 0 0 0 0 0 0 0 0 0.0653277 1.57079 -0 -0 -0 0.0657919 0.194332 1.5708 9.17643e-06 0 0 0.194332
0.538515 0.0400242 1.515 0 0 0 0 0 0 0 0 0 0 0 0 0.074187 1.5708 -0 -0 -0 0.074735 0.208993 1.5708 9.07869e-06 0 0 0.208993
0.538111 0.0451287 1.515 0 0 0 0 0 0 0 0 0 0 0 0 0.0836693 1.5708 -0 -0 -0 0.0840777 0.224188 1.5708 8.97739e-06 0 0 0.224188
0.537629 0.0505691 1.515 0 0 0 0 0 0 0 0 0 0 0 0 0.0937835 1.57079 -0 -0 -0 0.0942024 0.239916 1.5708 8.87254e-06 0 0 0.239916
0.537056 0.0563388 1.515 0 0 0 0 0 0 0 0 0 0 0 0 0.104521 1.57079 -0 -0 -0 0.104985 0.256177 1.5708 8.76413e-06 0 0 0.256177
0.536385 0.0623693 1.515 0 0 0 0 0 0 0 0 0 0 0 0 0.115757 1.5708 1.0472e-05 -0 -0 0.116368 0.272971 1.5708 8.65217e-06 0 0 0.272971
0.535608 0.0687213 1.515 0 0 0 0 0 0 0 0 0 0 0 0 0.127608 1.5708 1.0472e-05 -0 -0 0.128256 0.290298 1.5708 8.53666e-06 0 0 0.290298
0.534708 0.0754538 1.51499 0 0 0 0 0 0 0 0 0 0 0 0 0.140187 1.57078 -0 -0 -0 0.140804 0.308158 1.5708 8.41759e-06 0 0 0.308158
0.533677 0.0824821 1.51498 0 0 0 0 0 0 0 0 0 0 0 0 0.153341 1.57076 -1.91986e-05 -0 -0 0.15395 0.326552 1.5708 8.29496e-06 0 0 0.326552
0.532486 0.089789 1.51499 0 0 0 0 0 0 0 0 0 0 0 0 0.167051 1.57079 -1.0472e-05 -0 -0 0.167511 0.345479 1.5708 8.16878e-06 0 0 0.345479
0.531134 0.0973942 1.51502 0 0 0 0 0 0 0 0 0 0 0 0 0.181355 1.57082 1.91986e-05 -0 -0 0.181869 0.364938 1.5708 8.03905e-06 0 0 0.364938
0.529647 0.105275 1.51498 0 0 0 0 0 0 0 0 0 0 0 0 0.196206 1.57078 -2.79253e-05 -0 -0 0.197041 0.384931 1.5708 7.90577e-06 0 0 0.384931
0.527944 0.113528 1.51498 0 0 0 0 0 0 0 0 0 0 0 0 0.211813 1.57076 -1.0472e-05 -0 -0 0.212318 0.405457 1.5708 7.76893e-06 0 0 0.405457
0.526025 0.12207 1.51499 0 0 0 0 0 0 0 0 0 0 0 0 0.228026 1.57079 -1.0472e-05 -0 -0 0.228486 0.426517 1.5708 7.62853e-06 0 0 0.426517
0.523928 0.1308 1.51498 0 0 0 0 0 0 0 0 0 0 0 0 0.244652 1.57078 -2.79253e-05 -0 -0 0.245406 0.448109 1.5708 7.48458e-06 0 0 0.448109
0.521566 0.1399 1.51501 0 0 0 0 0 0 0 0 0 0 0 0 0.262061 1.57078 2.96706e-05 -0 -0 0.262618 0.470205 1.5708 7.33727e-06 0 0 0.470205
0.518963 0.149208 1.51501 0 0 0 0 0 0 0 0 0 0 0 0 0.279961 1.57083 -1.0472e-05 -0 -0 0.280642 0.492419 1.5708 7.18918e-06 0 0 0.492419
0.516137 0.158797 1.51498 0 0 0 0 0 0 0 0 0 0 0 0 0.298474 1.57076 -1.91986e-05 -0 -0 0.299188 0.514634 1.5708 7.04108e-06 0 0 0.514634
0.512989 0.168705 1.51497 0 0 0 0 0 0 0 0 0 0 0 0 0.317725 1.57075 -1.91986e-05 -0 -0 0.318055 0.536848 1.5708 6.89299e-06 0 0 0.536848
0.509553 0.178768 1.51501 0 0 0 0 0 0 0 0 0 0 0 0 0.337418 1.57078 3.83972e-05 -8.72665e-06 -0 0.337859 0.559063 1.5708 6.74489e-06 0 0 0.559063
0.505821 0.189068 1.51498 0 0 0 0 0 0 0 0 0 0 0 0 0.357705 1.5708 -4.71239e-05 -0 -0 0.358215 0.581277 1.5708 6.59679e-06 0 0 0.581277
0.501753 0.199613 1.51502 0 0 0 0 0 0 0 0 0 0 0 0 0.378635 1.57078 4.71239e-05 -8.72665e-06 8.72665e-06 0.378939 0.603492 1.5708 6.4487e-06 0 0 0.603492
0.497339 0.210376 1.51498 0 0 0 0 0 0 0 0 0 0 0 0 0.400178 1.5708 -4.71239e-05 -0 -0 0.400445 0.625706 1.5708 6.3006e-06 0 0 0.625706
0.49258 0.221318 1.51499 0 0 0 0 0 0 0 0 0 0 0 0 0.422275 1.57075 1.0472e-05 -0 8.72665e-06 0.422689 0.64792 1.5708 6.15251e-06 0 0 0.64792
0.487427 0.232449 1.51496 0 0 0 0 0 0 0 0 0 0 0 0 0.444989 1.57076 -5.75959e-05 -0 -0 0.445377 0.670135 1.5708 6.00441e-06 0 0 0.670135
0.481931 0.243604 1.51502 0 0 0 0 0 0 0 0 0 0 0 0 0.468017 1.57078 5.75959e-05 -0 8.72665e-06 0.468663 0.692349 1.5708 5.85631e-06 0 0 0.692349
0.476032 0.25492 1.515 0 0 0 0 0 0 0 0 0 0 0 0 0.491651 1.57083 -2.79253e-05 -0 8.72665e-06 0.491979 0.714564 1.5708 5.70822e-06 0 0 0.714564
0.469838 0.266207 1.51498 0 0 0 0 0 0 0 0 0 0 0 0 0.515493 1.57076 -1.91986e-05 -0 8.72665e-06 0.516015 0.736778 1.5708 5.56012e-06 0 0 0.736778
0.463246 0.277508 1.515 0 0 0 0 0 0 0 0 0 0 0 0 0.539722 1.57077 1.0472e-05 -8.72665e-06 1.91986e-05 0.540024 0.758992 1.5708 5.41203e-06 0 0 0.758992
0.456353 0.288713 1.51496 0 0 0 0 0 0 0 0 0 0 0 0 0.564083 1.57078 -7.67945e-05 -0 1.91986e-05 0.564551 0.781207 1.5708 5.26393e-06 0 0 0.781207
0.449156 0.29978 1.51501 0 0 0 0 0 0 0 0 0 0 0 0 0.58853 1.57076 3.83972e-05 -0 1.91986e-05 0.589157 0.803421 1.5708 5.11583e-06 0 0 0.803421
0.441592 0.310776 1.51502 0 0 0 0 0 0 0 0 0 0 0 0 0.613248 1.57083 -0 -0 1.91986e-05 0.61367 0.825636 1.5708 4.96774e-06 0 0 0.825636
0.43383 0.321557 1.51497 0 0 0 0 0 0 0 0 0 0 0 0 0.637848 1.5708 -7.67945e-05 -0 1.91986e-05 0.638244 0.84785 1.5708 4.81964e-06 0 0 0.84785
0.425704 0.332235 1.51501 0 0 0 0 0 0 0 0 0 0 0 0 0.662698 1.57077 4.71239e-05 -0 1.91986e-05 0.662496 0.870065 1.5708 4.67154e-06 0 0 0.870065
0.417312 0.342713 1.51499 0 0 0 0 0 0 0 0 0 0 0 0 0.687558 1.5708 -3.83972e-05 -0 1.91986e-05 0.687363 0.892279 1.5708 4.52345e-06 0 0 0.892279
0.408728 0.352934 1.51495 0 0 0 0 0 0 0 0 0 0 0 0 0.712276 1.57076 -8.55211e-05 -0 1.91986e-05 0.712381 0.914493 1.5708 4.37535e-06 0 0 0.914493
0.399771 0.362996 1.51506 0 0 0 0 0 0 0 0 0 0 0 0 0.737222 1.57082 8.55211e-05 -0 2.79253e-05 0.737018 0.936708 1.5708 4.22726e-06 0 0 0.936708
0.390642 0.372815 1.515 0 0 0 0 0 0 0 0 0 0 0 0 0.762053 1.57083 -4.71239e-05 -0 1.91986e-05 0.762143 0.958922 1.5708 4.07916e-06 0 0 0.958922
0.381296 0.382401 1.51497 0 0 0 0 0 0 0 0 0 0 0 0 0.786845 1.57076 -2.79253e-05 -0 1.91986e-05 0.786993 0.981137 1.5708 3.93107e-06 0 0 0.981137
0.371617 0.391786 1.51503 0 0 0 0 0 0 0 0 0 0 0 0 0.811812 1.5708 4.71239e-05 -0 2.79253e-05 0.811784 1.00335 1.5708 3.78297e-06 0 0 1.00335
0.361813 0.400872 1.51497 0 0 0 0 0 0 0 0 0 0 0 0 0.836566 1.5708 -7.67945e-05 8.72665e-06 1.91986e-05 0.836878 1.02557 1.5708 3.63487e-06 0 0 1.02557
0.351758 0.409711 1.51502 0 0 0 0 0 0 0 0 0 0 0 0 0.861358 1.5708 3.83972e-05 -0 2.79253e-05 0.861577 1.04778 1.5708 3.48678e-06 0 0 1.04778
0.341445 0.418329 1.51503 0 0 0 0 0 0 0 0 0 0 0 0 0.886249 1.57083 1.0472e-05 -0 2.79253e-05 0.886273 1.06999 1.5708 3.33868e-06 0 0 1.06999
0.331044 0.426652 1.51494 0 0 0 0 0 0 0 0 0 0 0 0 0.910917 1.57076 -0.00010472 -0 1.91986e-05 0.911032 1.09221 1.5708 3.19058e-06 0 0 1.09221
0.320358 0.434708 1.51502 0 0 0 0 0 0 0 0 0 0 0 0 0.935699 1.57078 5.75959e-05 -0 2.79253e-05 0.935591 1.1144 1.5708 3.04264e-06 0 0 1.1144
0.309498 0.442502 1.51499 0 0 0 0 0 0 0 0 0 0 0 0 0.960455 1.57081 -3.83972e-05 -0 2.79253e-05 0.960305 1.13619 1.5708 2.89735e-06 0 0 1.13619
0.298527 0.450002 1.51496 0 0 0 0 0 0 0 0 0 0 0 0 0.985066 1.57076 -5.75959e-05 -0 1.91986e-05 0.9848 1.15745 1.5708 2.75561e-06 0 0 1.15745
0.287292 0.457217 1.51505 0 0 0 0 0 0 0 0 0 0 0 0 1.00979 1.57082 7.67945e-05 -0 2.79253e-05 1.00934 1.17818 1.5708 2.61743e-06 0 0 1.17818
0.275972 0.464157 1.51498 0 0 0 0 0 0 0 0 0 0 0 0 1.03438 1.5708 -4.71239e-05 8.72665e-06 1.91986e-05 1.03423 1.19838 1.5708 2.4828e-06 0 0 1.19838
0.264494 0.470805 1.51499 0 0 0 0 0 0 0 0 0 0 0 0 1.05895 1.57076 1.0472e-05 -0 1.91986e-05 1.05892 1.21804 1.5708 2.35173e-06 0 0 1.21804
0.2528 0.477162 1.51503 0 0 0 0 0 0 0 0 0 0 0 0 1.08359 1.57081 2.96706e-05 -0 2.79253e-05 1.08361 1.23717 1.5708 2.22421e-06 0 0 1.23717
0.24107 0.483218 1.51496 0 0 0 0 0 0 0 0 0 0 0 0 1.10804 1.57078 -8.55211e-05 8.72665e-06 1.91986e-05 1.10812 1.25576 1.5708 2.10024e-06 0 0 1.25576
0.229145 0.488965 1.51504 0 0 0 0 0 0 0 0 0 0 0 0 1.13256 1.5708 6.63225e-05 -0 2.79253e-05 1.13246 1.27382 1.5708 1.97983e-06 0 0 1.27382
0.21712 0.494415 1.51501 0 0 0 0 0 0 0 0 0 0 0 0 1.157 1.57083 -1.91986e-05 -0 2.79253e-05 1.15695 1.29135 1.5708 1.86298e-06 0 0 1.29135
0.205101 0.499555 1.51496 0 0 0 0 0 0 0 0 0 0 0 0 1.18121 1.57075 -3.83972e-05 -0 1.91986e-05 1.18118 1.30835 1.5708 1.74967e-06 0 0 1.30835
0.192956 0.504335 1.51505 0 0 0 0 0 0 0 0 0 0 0 0 1.20538 1.57081 8.55211e-05 -0 2.79253e-05 1.20533 1.32481 1.5708 1.63993e-06 0 0 1.32481
0.180927 0.508794 1.51498 0 0 0 0 0 0 0 0 0 0 0 0 1.22914 1.57079 -3.83972e-05 8.72665e-06 1.91986e-05 1.22924 1.34074 1.5708 1.53373e-06 0 0 1.34074
0.168954 0.5129 1.515 0 0 0 0 0 0 0 0 0 0 0 0 1.25258 1.57076 2.96706e-05 -0 1.91986e-05 1.2523 1.35613 1.5708 1.43109e-06 0 0 1.35613
0.15706 0.516634 1.51504 0 0 0 0 0 0 0 0 0 0 0 0 1.27567 1.57084 3.83972e-05 -0 2.79253e-05 1.27521 1.37099 1.5708 1.33201e-06 0 0 1.37099
0.145406 0.52007 1.51497 0 0 0 0 0 0 0 0 0 0 0 0 1.29817 1.57076 -3.83972e-05 -0 1.91986e-05 1.29776 1.38532 1.5708 1.23648e-06 0 0 1.38532
0.133851 0.523135 1.51504 0 0 0 0 0 0 0 0 0 0 0 0 1.32031 1.57082 4.71239e-05 -0 2.79253e-05 1.31995 1.39912 1.5708 1.1445e-06 0 0 1.39912
0.122589 0.5259 1.515 0 0 0 0 0 0 0 0 0 0 0 0 1.34178 1.5708 -1.0472e-05 8.72665e-06 1.91986e-05 1.34142 1.41238 1.5708 1.05608e-06 0 0 1.41238
0.111515 0.528353 1.51502 0 0 0 0 0 0 0 0 0 0 0 0 1.36279 1.57081 1.0472e-05 -0 2.79253e-05 1.36244 1.42511 1.5708 9.71215e-07 0 0 1.42511
0.100706 0.53051 1.51503 0 0 0 0 0 0 0 0 0 0 0 0 1.3832 1.57083 2.96706e-05 8.72665e-06 1.91986e-05 1.38282 1.43731 1.5708 8.89901e-07 0 0 1.43731
0.0901931 0.532423 1.51499 0 0 0 0 0 0 0 0 0 0 0 0 1.40299 1.57077 -0 -0 1.91986e-05 1.40257 1.44897 1.5708 8.12143e-07 0 0 1.44897
0.0798921 0.534035 1.51504 0 0 0 0 0 0 0 0 0 0 0 0 1.4223 1.57085 2.96706e-05 8.72665e-06 2.79253e-05 1.4218 1.46011 1.5708 7.37939e-07 0 0 1.46011
0.069981 0.535458 1.51499 0 0 0 0 0 0 0 0 0 0 0 0 1.44084 1.57076 -0 -0 1.91986e-05 1.44035 1.4707 1.5708 6.67288e-07 0 0 1.4707
0.0602748 0.53661 1.51503 0 0 0 0 0 0 0 0 0 0 0 0 1.45894 1.57083 1.91986e-05 -0 1.91986e-05 1.45846 1.48077 1.5708 6.00192e-07 0 0 1.48077
0.0509767 0.537595 1.515 0 0 0 0 0 0 0 0 0 0 0 0 1.47626 1.57077 1.91986e-05 -0 2.79253e-05 1.47598 1.4903 1.5708 5.3665e-07 0 0 1.4903
0.041924 0.538364 1.51501 0 0 0 0 0 0 0 0 0 0 0 0 1.49308 1.57081 -0 -0 1.91986e-05 1.49267 1.4993 1.5708 4.76664e-07 0 0 1.4993
0.0332632 0.538969 1.51503 0 0 0 0 0 0 0 0 0 0 0 0 1.50916 1.5708 5.75959e-05 -0 2.79253e-05 1.50885 1.50776 1.5708 4.2023e-07 0 0 1.50776
0.0248625 0.539432 1.51499 0 0 0 0 0 0 0 0 0 0 0 0 1.52474 1.57079 -2.79253e-05 -0 1.91986e-05 1.52423 1.51569 1.5708 3.67352e-07 0 0 1.51569
0.0168646 0.539729 1.51502 0 0 0 0 0 0 0 0 0 0 0 0 1.53956 1.57081 1.91986e-05 -0 1.91986e-05 1.53915 1.52309 1.5708 3.18028e-07 0 0 1.52309
0.00914726 0.539923 1.51501 0 0 0 0 0 0 0 0 0 0 0 0 1.55386 1.57079 1.91986e-05 -0 1.91986e-05 1.55345 1.52996 1.5708 2.72257e-07 0 0 1.52996
0.00175016 0.539991 1.51502 0 0 0 0 0 0 0 0 0 0 0 0 1.56756 1.57081 1.0472e-05 -0 1.91986e-05 1.56698 1.53629 1.5708 2.30042e-07 0 0 1.53629
-0.00520333 0.539974 1.51501 0 0 0 0 0 0 0 0 0 0 0 0 1.58043 1.5708 1.0472e-05 -0 1.91986e-05 1.57983 1.54209 1.5708 1.91381e-07 0 0 1.54209
-0.0119535 0.53987 1.515 0 0 0 0 0 0 0 0 0 0 0 0 1.59293 1.57079 -0 -0 1.91986e-05 1.59218 1.54736 1.5708 1.56274e-07 0 0 1.54736
-0.0182867 0.539677 1.51503 0 0 0 0 0 0 0 0 0 0 0 0 1.60467 1.57083 1.91986e-05 -0 1.91986e-05 1.60396 1.55209 1.5708 1.24721e-07 0 0 1.55209
-0.0242109 0.53946 1.515 0 0 0 0 0 0 0 0 0 0 0 0 1.61565 1.57079 -1.0472e-05 -0 1.91986e-05 1.61504 1.55629 1.5708 9.67221e-08 0 0 1.55629
-0.0299348 0.539171 1.515 0 0 0 0 0 0 0 0 0 0 0 0 1.62626 1.57079 1.0472e-05 -0 1.91986e-05 1.62561 1.55995 1.5708 7.2278e-08 0 0 1.55995
-0.0352512 0.538838 1.51502 0 0 0 0 0 0 0 0 0 0 0 0 1.63612 1.57082 1.91986e-05 -0 1.91986e-05 1.63568 1.56309 1.5708 5.1388e-08 0 0 1.56309
-0.0401638 0.538511 1.51499 0 0 0 0 0 0 0 0 0 0 0 0 1.64524 1.57078 -1.0472e-05 -0 1.91986e-05 1.64489 1.56569 1.5708 3.40527e-08 0 0 1.56569
-0.0448708 0.538136 1.515 0 0 0 0 0 0 0 0 0 0 0 0 1.65399 1.57078 1.91986e-05 -0 1.91986e-05 1.65337 1.56776 1.5708 2.02708e-08 0 0 1.56776
-0.0491413 0.537757 1.51501 0 0 0 0 0 0 0 0 0 0 0 0 1.66193 1.5708 -0 -0 1.91986e-05 1.66144 1.56929 1.5708 1.00443e-08 0 0 1.56929
-0.0530466 0.53738 1.51502 0 0 0 0 0 0 0 0 0 0 0 0 1.66919 1.57081 2.96706e-05 -0 1.91986e-05 1.66897 1.57029 1.5708 3.37181e-09 0 0 1.57029
-0.0567306 0.537014 1.515 0 0 0 0 0 0 0 0 0 0 0 0 1.67605 1.57079 -0 -0 1.91986e-05 1.67565 1.57076 1.5708 2.52792e-10 0 0 1.57076
-0.0600859 0.53665 1.515 0 0 0 0 0 0 0 0 0 0 0 0 1.6823 1.57079 -1.0472e-05 -0 1.91986e-05 1.68169 1.5708 1.5708 0 0 0 1.5708
-0.0629355 0.536318 1.51501 0 0 0 0 0 0 0 0 0 0 0 0 1.68761 1.5708 1.91986e-05 -0 1.91986e-05 1.6873 1.5708 1.5708 0 0 0 1.5708
-0.0655153 0.536007 1.51501 0 0 0 0 0 0 0 0 0 0 0 0 1.69242 1.5708 1.0472e-05 -0 1.91986e-05 1.69215 1.5708 1.5708 0 0 0 1.5708
-0.0678378 0.535721 1.51501 0 0 0 0 0 0 0 0 0 0 0 0 1.69675 1.5708 1.0472e-05 -0 1.91986e-05 1.69654 1.5708 1.5708 0 0 0 1.5708
-0.0697331 0.535481 1.515 0 0 0 0 0 0 0 0 0 0 0 0 1.70029 1.57079 -0 -0 1.91986e-05 1.70033 1.5708 1.5708 0 0 0 1.5708
-0.0713344 0.535268 1.515 0 0 0 0 0 0 0 0 0 0 0 0 1.70328 1.5708 -0 -0 1.91986e-05 1.70332 1.5708 1.5708 0 0 0 1.5708
-0.072684 0.535085 1.51501 0 0 0 0 0 0 0 0 0 0 0 0 1.70581 1.5708 1.0472e-05 -0 1.91986e-05 1.70574 1.5708 1.5708 0 0 0 1.5708
-0.0736734 0.534947 1.51501 0 0 0 0 0 0 0 0 0 0 0 0 1.70766 1.5708 1.0472e-05 -0 1.91986e-05 1.7076 1.5708 1.5708 0 0 0 1.5708
-0.0743456 0.534854 1.51501 0 0 0 0 0 0 0 0 0 0 0 0 1.70891 1.5708 1.0472e-05 -0 1.91986e-05 1.70862 1.5708 1.5708 0 0 0 1.5708
-0.0747772 0.534803 1.515 0 0 0 0 0 0 0 0 0 0 0 0 1.70972 1.57078 -0 -0 1.91986e-05 1.70912 1.5708 1.5708 0 0 0 1.5708
-0.0748697 0.534791 1.51499 0 0 0 0 0 0 0 0 0 0 0 0 1.70989 1.57078 -1.0472e-05 -0 1.91986e-05 1.70938 1.5708 1.5708 0 0 0 1.5708
-0.0747652 0.534792 1.51502 0 0 0 0 0 0 0 0 0 0 0 0 1.7097 1.57081 1.0472e-05 -0 1.91986e-05 1.70941 1.5708 1.5708 0 0 0 1.5708
-0.0745085 0.534828 1.51502 0 0 0 0 0 0 0 0 0 0 0 0 1.70922 1.57081 1.0472e-05 -0 1.91986e-05 1.70939 1.5708 1.5708 0 0 0 1.5708
-0.0740734 0.534894 1.51501 0 0 0 0 0 0 0 0 0 0 0 0 1.7084 1.5708 1.0472e-05 -0 1.91986e-05 1.70933 1.5708 1.5708 0 0 0 1.5708
-0.0734993 0.534975 1.515 0 0 0 0 0 0 0 0 0 0 0 0 1.70733 1.5708 -0 -0 1.91986e-05 1.70922 1.5708 1.5708 0 0 0 1.5708
-0.0728488 0.535066 1.515 0 0 0 0 0 0 0 0 0 0 0 0 1.70611 1.57079 -0 -0 1.91986e-05 1.70905 1.5708 1.5708 0 0 0 1.5708
-0.072104 0.535164 1.51501 0 0 0 0 0 0 0 0 0 0 0 0 1.70472 1.5708 1.0472e-05 -0 1.91986e-05 1.70815 1.5708 1.5708 0 0 0 1.5708
-0.0712874 0.535265 1.51502 0 0 0 0 0 0 0 0 0 0 0 0 1.7032 1.57082 1.0472e-05 -0 1.91986e-05 1.70662 1.5708 1.5708 0 0 0 1.5708
-0.0704616 0.535382 1.51501 0 0 0 0 0 0 0 0 0 0 0 0 1.70165 1.5708 1.0472e-05 -0 1.91986e-05 1.70456 1.5708 1.5708 0 0 0 1.5708
-0.0696307 0.535498 1.515 0 0 0 0 0 0 0 0 0 0 0 0 1.7001 1.57078 -0 -0 1.91986e-05 1.70257 1.5708 1.5708 0 0 0 1.5708
-0.0687629 0.535607 1.515 0 0 0 0 0 0 0 0 0 0 0 0 1.69848 1.57079 -0 -0 1.91986e-05 1.70054 1.5708 1.5708 0 0 0 1.5708
-0.0678743 0.535716 1.51501 0 0 0 0 0 0 0 0 0 0 0 0 1.69682 1.5708 1.0472e-05 -0 1.91986e-05 1.69836 1.5708 1.5708 0 0 0 1.5708
-0.066985 0.535828 1.51501 0 0 0 0 0 0 0 0 0 0 0 0 1.69516 1.5708 1.0472e-05 -0 1.91986e-05 1.69643 1.5708 1.5708 0 0 0 1.5708
-0.0660862 0.53594 1.51501 0 0 0 0 0 0 0 0 0 0 0 0 1.69349 1.5708 1.0472e-05 -0 1.91986e-05 1.69453 1.5708 1.5708 0 0 0 1.5708
-0.0652082 0.536051 1.515 0 0 0 0 0 0 0 0 0 0 0 0 1.69185 1.57079 -0 -0 1.91986e-05 1.69276 1.5708 1.5708 0 0 0 1.5708
-0.0643655 0.536156 1.515 0 0 0 0 0 0 0 0 0 0 0 0 1.69027 1.57078 -0 -0 1.91986e-05 1.69103 1.5708 1.5708 0 0 0 1.5708
-0.063501 0.536252 1.51501 0 0 0 0 0 0 0 0 0 0 0 0 1.68866 1.5708 1.0472e-05 -0 1.91986e-05 1.68913 1.5708 1.5708 0 0 0 1.5708
-0.0626264 0.536353 1.51501 0 0 0 0 0 0 0 0 0 0 0 0 1.68703 1.5708 1.0472e-05 -0 1.91986e-05 1.68741 1.5708 1.5708 0 0 0 1.5708
-0.0617729 0.536454 1.51501 0 0 0 0 0 0 0 0 0 0 0 0 1.68544 1.5708 1.0472e-05 -0 1.91986e-05 1.68563 1.5708 1.5708 0 0 0 1.5708
-0.0609293 0.536552 1.515 0 0 0 0 0 0 0 0 0 0 0 0 1.68387 1.5708 -0 -0 1.91986e-05 1.68385 1.5708 1.5708 0 0 0 1.5708
-0.0600968 0.536645 1.515 0 0 0 0 0 0 0 0 0 0 0 0 1.68232 1.5708 -0 -0 1.91986e-05 1.68232 1.5708 1.5708 0 0 0 1.5708
-0.0592827 0.536735 1.51501 0 0 0 0 0 0 0 0 0 0 0 0 1.6808 1.5708 1.0472e-05 -0 1.91986e-05 1.6808 1.5708 1.5708 0 0 0 1.5708
-0.0584602 0.536826 1.515 0 0 0 0 0 0 0 0 0 0 0 0 1.67927 1.5708 -0 -0 1.91986e-05 1.67908 1.5708 1.5708 0 0 0 1.5708
-0.0576206 0.536917 1.515 0 0 0 0 0 0 0 0 0 0 0 0 1.6777 1.5708 -0 -0 1.91986e-05 1.6775 1.5708 1.5708 0 0 0 1.5708
-0.0568024 0.537003 1.51501 0 0 0 0 0 0 0 0 0 0 0 0 1.67618 1.5708 1.0472e-05 -0 1.91986e-05 1.67607 1.5708 1.5708 0 0 0 1.5708
-0.0560245 0.537086 1.515 0 0 0 0 0 0 0 0 0 0 0 0 1.67473 1.5708 -0 -0 1.91986e-05 1.67454 1.5708 1.5708 0 0 0 1.5708
-0.0552679 0.537163 1.51501 0 0 0 0 0 0 0 0 0 0 0 0 1.67332 1.5708 1.0472e-05 -0 1.91986e-05 1.67285 1.5708 1.5708 0 0 0 1.5708
-0.0545056 0.537241 1.51501 0 0 0 0 0 0 0 0 0 0 0 0 1.6719 1.5708 1.0472e-05 -0 1.91986e-05 1.67141 1.5708 1.5708 0 0 0 1.5708
-0.053733 0.53732 1.515 0 0 0 0 0 0 0 0 0 0 0 0 1.67047 1.5708 -0 -0 1.91986e-05 1.67006 1.5708 1.5708 0 0 0 1.5708
-0.0529602 0.537397 1.515 0 0 0 0 0 0 0 0 0 0 0 0 1.66903 1.5708 -0 -0 1.91986e-05 1.66862 1.5708 1.5708 0 0 0 1.5708
-0.0522183 0.537469 1.515 0 0 0 0 0 0 0 0 0 0 0 0 1.66765 1.5708 -0 -0 1.91986e-05 1.66742 1.5708 1.5708 0 0 0 1.5708
-0.0515118 0.537537 1.515 0 0 0 0 0 0 0 0 0 0 0 0 1.66633 1.5708 -0 -0 1.91986e-05 1.66616 1.5708 1.5708 0 0 0 1.5708
-0.0507856 0.537607 1.515 0 0 0 0 0 0 0 0 0 0 0 0 1.66498 1.5708 -0 -0 1.91986e-05 1.66488 1.5708 1.5708 0 0 0 1.5708
-0.0500583 0.537674 1.51501 0 0 0 0 0 0 0 0 0 0 0 0 1.66363 1.5708 1.0472e-05 -0 1.91986e-05 1.66343 1.5708 1.5708 0 0 0 1.5708
-0.049332 0.537742 1.515 0 0 0 0 0 0 0 0 0 0 0 0 1.66228 1.5708 -0 -0 1.91986e-05 1.6621 1.5708 1.5708 0 0 0 1.5708
-0.0486103 0.537808 1.515 0 0 0 0 0 0 0 0 0 0 0 0 1.66094 1.5708 -0 -0 1.91986e-05 1.66087 1.5708 1.5708 0 0 0 1.5708
-0.0479034 0.537871 1.515 0 0 0 0 0 0 0 0 0 0 0 0 1.65962 1.5708 -0 -0 1.91986e-05 1.65955 1.5708 1.5708 0 0 0 1.5708
-0.0472124 0.537932 1.515 0 0 0 0 0 0 0 0 0 0 0 0 1.65834 1.5708 -0 -0 1.91986e-05 1.65816 1.5708 1.5708 0 0 0 1.5708
-0.0465468 0.537991 1.515 0 0 0 0 0 0 0 0 0 0 0 0 1.6571 1.5708 -1.0472e-05 -0 1.91986e-05 1.65696 1.5708 1.5708 0 0 0 1.5708
-0.0458716 0.538048 1.515 0 0 0 0 0 0 0 0 0 0 0 0 1.65585 1.5708 -0 -0 1.91986e-05 1.65587 1.5708 1.5708 0 0 0 1.5708
-0.0452114 0.538104 1.515 0 0 0 0 0 0 0 0 0 0 0 0 1.65462 1.5708 -0 -0 1.91986e-05 1.65477 1.5708 1.5708 0 0 0 1.5708
-0.0445821 0.538157 1.515 0 0 0 0 0 0 0 0 0 0 0 0 1.65345 1.5708 -0 -0 1.91986e-05 1.65343 1.5708 1.5708 0 0 0 1.5708
-0.0439471 0.538209 1.515 0 0 0 0 0 0 0 0 0 0 0 0 1.65227 1.5708 -0 -0 1.91986e-05 1.65214 1.5708 1.5708 0 0 0 1.5708
-0.043328 0.538258 1.51501 0 0 0 0 0 0 0 0 0 0 0 0 1.65112 1.5708 1.0472e-05 -0 1.91986e-05 1.65099 1.5708 1.5708 0 0 0 1.5708
-0.042709 0.538308 1.515 0 0 0 0 0 0 0 0 0 0 0 0 1.64997 1.5708 -0 -0 1.91986e-05 1.64989 1.5708 1.5708 0 0 0 1.5708
-0.0421048 0.538355 1.51501 0 0 0 0 0 0 0 0 0 0 0 0 1.64885 1.5708 1.0472e-05 -0 1.91986e-05 1.64866 1.5708 1.5708 0 0 0 1.5708
-0.0415166 0.538402 1.515 0 0 0 0 0 0 0 0 0 0 0 0 1.64775 1.5708 -0 -0 1.91986e-05 1.64733 1.5708 1.5708 0 0 0 1.5708
-0.0409481 0.538445 1.515 0 0 0 0 0 0 0 0 0 0 0 0 1.6467 1.5708 -0 -0 1.91986e-05 1.64628 1.5708 1.5708 0 0 0 1.5708
-0.040386 0.538487 1.51501 0 0 0 0 0 0 0 0 0 0 0 0 1.64566 1.5708 1.0472e-05 -0 1.91986e-05 1.64533 1.5708 1.5708 0 0 0 1.5708
-0.0398231 0.53853 1.515 0 0 0 0 0 0 0 0 0 0 0 0 1.64461 1.5708 -0 -0 1.91986e-05 1.64438 1.5708 1.5708 0 0 0 1.5708
-0.0392554 0.538571 1.515 0 0 0 0 0 0 0 0 0 0 0 0 1.64356 1.5708 -0 -0 1.91986e-05 1.64332 1.5708 1.5708 0 0 0 1.5708
-0.0386923 0.538612 1.515 0 0 0 0 0 0 0 0 0 0 0 0 1.64251 1.5708 -0 -0 1.91986e-05 1.64225 1.5708 1.5708 0 0 0 1.5708
-0.0381348 0.538652 1.515 0 0 0 0 0 0 0 0 0 0 0 0 1.64148 1.5708 -0 -0 1.91986e-05 1.6413 1.5708 1.5708 0 0 0 1.5708
-0.0375923 0.53869 1.515 0 0 0 0 0 0 0 0 0 0 0 0 1.64047 1.5708 -0 -0 1.91986e-05 1.64042 1.5708 1.5708 0 0 0 1.5708
-0.0370658 0.538726 1.515 0 0 0 0 0 0 0 0 0 0 0 0 1.63949 1.5708 -0 -0 1.91986e-05 1.6395 1.5708 1.5708 0 0 0 1.5708
-0.036544 0.538762 1.515 0 0 0 0 0 0 0 0 0 0 0 0 1.63852 1.5708 -0 -0 1.91986e-05 1.63842 1.5708 1.5708 0 0 0 1.5708
-0.0360221 0.538797 1.515 0 0 0 0 0 0 0 0 0 0 0 0 1.63755 1.5708 -0 -0 1.91986e-05 1.63728 1.5708 1.5708 0 0 0 1.5708
-0.0355161 0.538831 1.515 0 0 0 0 0 0 0 0 0 0 0 0 1.63661 1.5708 -0 -0 1.91986e-05 1.63639 1.5708 1.5708 0 0 0 1.5708
-0.0350196 0.538863 1.515 0 0 0 0 0 0 0 0 0 0 0 0 1.63569 1.5708 -0 -0 1.91986e-05 1.63553 1.5708 1.5708 0 0 0 1.5708
-0.0345342 0.538895 1.515 0 0 0 0 0 0 0 0 0 0 0 0 1.63479 1.5708 -0 -0 1.91986e-05 1.63467 1.5708 1.5708 0 0 0 1.5708
-0.0340536 0.538925 1.515 0 0 0 0 0 0 0 0 0 0 0 0 1.6339 1.5708 -0 -0 1.91986e-05 1.63366 1.5708 1.5708 0 0 0 1.5708
-0.033573 0.538956 1.515 0 0 0 0 0 0 0 0 0 0 0 0 1.63301 1.5708 -1.0472e-05 -0 1.91986e-05 1.63263 1.5708 1.5708 0 0 0 1.5708
-0.0330923 0.538985 1.515 0 0 0 0 0 0 0 0 0 0 0 0 1.63212 1.5708 -0 -0 1.91986e-05 1.63173 1.5708 1.5708 0 0 0 1.5708
-0.0326172 0.539014 1.515 0 0 0 0 0 0 0 0 0 0 0 0 1.63124 1.5708 -0 -0 1.91986e-05 1.63098 1.5708 1.5708 0 0 0 1.5708
-0.0321675 0.539041 1.515 0 0 0 0 0 0 0 0 0 0 0 0 1.6304 1.5708 -0 -0 1.91986e-05 1.63025 1.5708 1.5708 0 0 0 1.5708
-0.0317131 0.539068 1.515 0 0 0 0 0 0 0 0 0 0 0 0 1.62956 1.5708 -0 -0 1.91986e-05 1.6295 1.5708 1.5708 0 0 0 1.5708
-0.0312633 0.539094 1.515 0 0 0 0 0 0 0 0 0 0 0 0 1.62872 1.5708 -0 -0 8.72665e-06 1.62875 1.5708 1.5708 0 0 0 1.5708
-0.0308239 0.53912 1.515 0 0 0 0 0 0 0 0 0 0 0 0 1.62791 1.5708 -0 -0 8.72665e-06 1.62781 1.5708 1.5708 0 0 0 1.5708
-0.0303892 0.539144 1.515 0 0 0 0 0 0 0 0 0 0 0 0 1.6271 1.5708 -0 -0 8.72665e-06 1.62688 1.5708 1.5708 0 0 0 1.5708
-0.0299498 0.539169 1.515 0 0 0 0 0 0 0 0 0 0 0 0 1.62629 1.5708 -0 -0 8.72665e-06 1.62611 1.5708 1.5708 0 0 0 1.5708
-0.0295206 0.539192 1.515 0 0 0 0 0 0 0 0 0 0 0 0 1.62549 1.5708 -0 -0 8.72665e-06 1.62541 1.5708 1.5708 0 0 0 1.5708
-0.0291028 0.539215 1.515 0 0 0 0 0 0 0 0 0 0 0 0 1.62472 1.5708 -0 -0 8.72665e-06 1.62466 1.5708 1.5708 0 0 0 1.5708
-0.0286887 0.539237 1.515 0 0 0 0 0 0 0 0 0 0 0 0 1.62395 1.5708 -0 -0 8.72665e-06 1.62396 1.5708 1.5708 0 0 0 1.5708
-0.0282652 0.53926 1.515 0 0 0 0 0 0 0 0 0 0 0 0 1.62316 1.5708 -0 -0 8.72665e-06 1.62318 1.5708 1.5708 0 0 0 1.5708
-0.0278463 0.539282 1.515 0 0 0 0 0 0 0 0 0 0 0 0 1.62239 1.5708 -0 -0 8.72665e-06 1.62228 1.5708 1.5708 0 0 0 1.5708
-0.0274378 0.539302 1.515 0 0 0 0 0 0 0 0 0 0 0 0 1.62163 1.5708 -0 -0 8.72665e-06 1.62139 1.5708 1.5708 0 0 0 1.5708
-0.0270444 0.539322 1.515 0 0 0 0 0 0 0 0 0 0 0 0 1.6209 1.5708 -0 -0 8.72665e-06 1.62067 1.5708 1.5708 0 0 0 1.5708
-0.0266519 0.539342 1.515 0 0 0 0 0 0 0 0 0 0 0 0 1.62017 1.5708 -0 -0 8.72665e-06 1.62004 1.5708 1.5708 0 0 0 1.5708
-0.026264 0.539361 1.515 0 0 0 0 0 0 0 0 0 0 0 0 1.61945 1.5708 -0 -0 8.72665e-06 1.61942 1.5708 1.5708 0 0 0 1.5708
-0.0258969 0.539379 1.515 0 0 0 0 0 0 0 0 0 0 0 0 1.61877 1.5708 -0 -0 8.72665e-06 1.61884 1.5708 1.5708 0 0 0 1.5708
-0.0255401 0.539397 1.515 0 0 0 0 0 0 0 0 0 0 0 0 1.61811 1.5708 -1.0472e-05 -0 8.72665e-06 1.61811 1.5708 1.5708 0 0 0 1.5708
-0.0251833 0.539412 1.515 0 0 0 0 0 0 0 0 0 0 0 0 1.61745 1.5708 -0 -0 8.72665e-06 1.61731 1.5708 1.5708 0 0 0 1.5708
-0.0248208 0.539429 1.515 0 0 0 0 0 0 0 0 0 0 0 0 1.61678 1.5708 -0 -0 8.72665e-06 1.61662 1.5708 1.5708 0 0 0 1.5708
-0.0244593 0.539446 1.515 0 0 0 0 0 0 0 0 0 0 0 0 1.61611 1.5708 -0 -0 8.72665e-06 1.61603 1.5708 1.5708 0 0 0 1.5708
-0.0241072 0.539462 1.515 0 0 0 0 0 0 0 0 0 0 0 0 1.61545 1.5708 -0 -0 8.72665e-06 1.6155 1.5708 1.5708 0 0 0 1.5708
-0.0237767 0.539476 1.515 0 0 0 0 0 0 0 0 0 0 0 0 1.61484 1.5708 -0 -0 8.72665e-06 1.61493 1.5708 1.5708 0 0 0 1.5708
-0.0234452 0.539491 1.515 0 0 0 0 0 0 0 0 0 0 0 0 1.61423 1.5708 -0 -0 8.72665e-06 1.61433 1.5708 1.5708 0 0 0 1.5708
-0.0231138 0.539505 1.515 0 0 0 0 0 0 0 0 0 0 0 0 1.61361 1.5708 -0 -0 8.72665e-06 1.61375 1.5708 1.5708 0 0 0 1.5708
-0.0227776 0.539519 1.515 0 0 0 0 0 0 0 0 0 0 0 0 1.61299 1.5708 -0 -0 8.72665e-06 1.61306 1.5708 1.5708 0 0 0 1.5708
-0.0224518 0.539533 1.515 0 0 0 0 0 0 0 0 0 0 0 0 1.61239 1.5708 -0 -0 8.72665e-06 1.61229 1.5708 1.5708 0 0 0 1.5708
-0.0221317 0.539546 1.515 0 0 0 0 0 0 0 0 0 0 0 0 1.61179 1.5708 -0 -0 8.72665e-06 1.61154 1.5708 1.5708 0 0 0 1.5708
-0.0218313 0.539559 1.515 0 0 0 0 0 0 0 0 0 0 0 0 1.61124 1.5708 -0 -0 8.72665e-06 1.61096 1.5708 1.5708 0 0 0 1.5708
-0.0215214 0.539571 1.515 0 0 0 0 0 0 0 0 0 0 0 0 1.61066 1.5708 -0 -0 8.72665e-06 1.61047 1.5708 1.5708 0 0 0 1.5708
-0.0212154 0.539583 1.515 0 0 0 0 0 0 0 0 0 0 0 0 1.61009 1.5708 -0 -0 8.72665e-06 1.60997 1.5708 1.5708 0 0 0 1.5708
-0.0209159 0.539595 1.515 0 0 0 0 0 0 0 0 0 0 0 0 1.60954 1.5708 -0 -0 8.72665e-06 1.60947 1.5708 1.5708 0 0 0 1.5708
-0.0206211 0.539606 1.515 0 0 0 0 0 0 0 0 0 0 0 0 1.60899 1.5708 -0 -0 8.72665e-06 1.60895 1.5708 1.5708 0 0 0 1.5708
-0.0203414 0.539616 1.51501 0 0 0 0 0 0 0 0 0 0 0 0 1.60847 1.5708 1.0472e-05 -0 8.72665e-06 1.60839 1.5708 1.5708 0 0 0 1.5708
-0.0200673 0.539626 1.51501 0 0 0 0 0 0 0 0 0 0 0 0 1.60797 1.5708 1.0472e-05 -0 8.72665e-06 1.6078 1.5708 1.5708 0 0 0 1.5708
-0.0197876 0.539637 1.515 0 0 0 0 0 0 0 0 0 0 0 0 1.60745 1.5708 -0 -0 8.72665e-06 1.60715 1.5708 1.5708 0 0 0 1.5708
-0.0195088 0.539647 1.515 0 0 0 0 0 0 0 0 0 0 0 0 1.60693 1.5708 -0 -0 -0 1.60658 1.5708 1.5708 0 0 0 1.5708
-0.0192291 0.539658 1.515 0 0 0 0 0 0 0 0 0 0 0 0 1.60641 1.5708 -0 -0 -0 1.60611 1.5708 1.5708 0 0 0 1.5708
-0.018955 0.539667 1.515 0 0 0 0 0 0 0 0 0 0 0 0 1.60591 1.5708 -0 -0 -0 1.60568 1.5708 1.5708 0 0 0 1.5708
-0.0186856 0.539677 1.515 0 0 0 0 0 0 0 0 0 0 0 0 1.60541 1.5708 -0 -0 -0 1.6053 1.5708 1.5708 0 0 0 1.5708
-0.0184219 0.539686 1.515 0 0 0 0 0 0 0 0 0 0 0 0 1.60492 1.5708 -0 -0 -0 1.60493 1.5708 1.5708 0 0 0 1.5708
-0.0181581 0.539695 1.515 0 0 0 0 0 0 0 0 0 0 0 0 1.60443 1.5708 -0 -0 -0 1.6045 1.5708 1.5708 0 0 0 1.5708
-0.0178887 0.539704 1.515 0 0 0 0 0 0 0 0 0 0 0 0 1.60393 1.5708 -0 -0 -0 1.60405 1.5708 1.5708 0 0 0 1.5708
-0.0176306 0.539712 1.515 0 0 0 0 0 0 0 0 0 0 0 0 1.60345 1.5708 -0 -0 -0 1.60364 1.5708 1.5708 0 0 0 1.5708
-0.0173716 0.539721 1.515 0 0 0 0 0 0 0 0 0 0 0 0 1.60297 1.5708 -0 -0 -0 1.60315 1.5708 1.5708 0 0 0 1.5708
-0.0171285 0.539728 1.515 0 0 0 0 0 0 0 0 0 0 0 0 1.60252 1.5708 -0 -0 -0 1.60261 1.5708 1.5708 0 0 0 1.5708
-0.0168855 0.539736 1.515 0 0 0 0 0 0 0 0 0 0 0 0 1.60207 1.5708 -0 -0 -0 1.60209 1.5708 1.5708 0 0 0 1.5708
-0.0166528 0.539743 1.515 0 0 0 0 0 0 0 0 0 0 0 0 1.60164 1.5708 -0 -0 -0 1.60155 1.5708 1.5708 0 0 0 1.5708
-0.0164192 0.53975 1.515 0 0 0 0 0 0 0 0 0 0 0 0 1.60121 1.5708 -0 -0 -0 1.60106 1.5708 1.5708 0 0 0 1.5708
-0.0161865 0.539757 1.515 0 0 0 0 0 0 0 0 0 0 0 0 1.60078 1.5708 -0 -0 -0 1.60062 1.5708 1.5708 0 0 0 1.5708
-0.0159585 0.539764 1.515 0 0 0 0 0 0 0 0 0 0 0 0 1.60035 1.5708 -0 -0 -0 1.60017 1.5708 1.5708 0 0 0 1.5708
-0.0157315 0.539771 1.515 0 0 0 0 0 0 0 0 0 0 0 0 1.59993 1.5708 -0 -0 -0 1.59982 1.5708 1.5708 0 0 0 1.5708
-0.0155092 0.539777 1.515 0 0 0 0 0 0 0 0 0 0 0 0 1.59952 1.5708 -0 -0 -0 1.59944 1.5708 1.5708 0 0 0 1.5708
-0.0152963 0.539783 1.515 0 0 0 0 0 0 0 0 0 0 0 0 1.59913 1.5708 -0 -0 -0 1.59911 1.5708 1.5708 0 0 0 1.5708
-0.0150796 0.539789 1.515 0 0 0 0 0 0 0 0 0 0 0 0 1.59873 1.5708 -0 -0 -0 1.59871 1.5708 1.5708 0 0 0 1.5708
-0.0148723 0.539795 1.515 0 0 0 0 0 0 0 0 0 0 0 0 1.59834 1.5708 -0 -0 -0 1.59833 1.5708 1.5708 0 0 0 1.5708
-0.0146603 0.539801 1.515 0 0 0 0 0 0 0 0 0 0 0 0 1.59795 1.5708 -0 -0 -0 1.59795 1.5708 1.5708 0 0 0 1.5708
-0.0144474 0.539807 1.515 0 0 0 0 0 0 0 0 0 0 0 0 1.59755 1.5708 -0 -0 -0 1.59752 1.5708 1.5708 0 0 0 1.5708
-0.0142411 0.539812 1.515 0 0 0 0 0 0 0 0 0 0 0 0 1.59717 1.5708 -0 -0 -0 1.59709 1.5708 1.5708 0 0 0 1.5708
-0.0140395 0.539817 1.515 0 0 0 0 0 0 0 0 0 0 0 0 1.5968 1.5708 -0 -0 -0 1.59657 1.5708 1.5708 0 0 0 1.5708
-0.0138425 0.539823 1.515 0 0 0 0 0 0 0 0 0 0 0 0 1.59643 1.5708 -0 -0 -0 1.59606 1.5708 1.5708 0 0 0 1.5708
-0.0136513 0.539827 1.515 0 0 0 0 0 0 0 0 0 0 0 0 1.59608 1.5708 -0 -0 -0 1.59571 1.5708 1.5708 0 0 0 1.5708
-0.0134591 0.539832 1.515 0 0 0 0 0 0 0 0 0 0 0 0 1.59572 1.5708 -0 -0 -0 1.59546 1.5708 1.5708 0 0 0 1.5708
-0.0132725 0.539837 1.515 0 0 0 0 0 0 0 0 0 0 0 0 1.59538 1.5708 -0 -0 -0 1.5952 1.5708 1.5708 0 0 0 1.5708
-0.0130869 0.539841 1.515 0 0 0 0 0 0 0 0 0 0 0 0 1.59503 1.5708 -0 -0 -0 1.59491 1.5708 1.5708 0 0 0 1.5708
-0.0128947 0.539846 1.515 0 0 0 0 0 0 0 0 0 0 0 0 1.59468 1.5708 -0 -0 -8.72665e-06 1.59457 1.5708 1.5708 0 0 0 1.5708
-0.0127091 0.53985 1.515 0 0 0 0 0 0 0 0 0 0 0 0 1.59433 1.5708 -0 -0 -8.72665e-06 1.59423 1.5708 1.5708 0 0 0 1.5708
-0.0125272 0.539855 1.515 0 0 0 0 0 0 0 0 0 0 0 0 1.594 1.5708 -0 -0 -8.72665e-06 1.59393 1.5708 1.5708 0 0 0 1.5708
-0.0123463 0.539859 1.515 0 0 0 0 0 0 0 0 0 0 0 0 1.59366 1.5708 -0 -0 -8.72665e-06 1.59362 1.5708 1.5708 0 0 0 1.5708
-0.0121701 0.539863 1.515 0 0 0 0 0 0 0 0 0 0 0 0 1.59334 1.5708 -0 -0 -8.72665e-06 1.59331 1.5708 1.5708 0 0 0 1.5708
-0.0119996 0.539867 1.515 0 0 0 0 0 0 0 0 0 0 0 0 1.59302 1.5708 -0 -0 -8.72665e-06 1.59304 1.5708 1.5708 0 0 0 1.5708
-0.011829 0.53987 1.515 0 0 0 0 0 0 0 0 0 0 0 0 1.5927 1.5708 -0 -0 -8.72665e-06 1.59273 1.5708 1.5708 0 0 0 1.5708
-0.0116632 0.539874 1.515 0 0 0 0 0 0 0 0 0 0 0 0 1.5924 1.5708 -0 -0 -8.72665e-06 1.59238 1.5708 1.5708 0 0 0 1.5708
-0.0114974 0.539878 1.515 0 0 0 0 0 0 0 0 0 0 0 0 1.59209 1.5708 -0 -0 -8.72665e-06 1.59204 1.5708 1.5708 0 0 0 1.5708
-0.0113372 0.539881 1.515 0 0 0 0 0 0 0 0 0 0 0 0 1.59179 1.5708 -0 -0 -8.72665e-06 1.5917 1.5708 1.5708 0 0 0 1.5708
-0.011177 0.539884 1.515 0 0 0 0 0 0 0 0 0 0 0 0 1.5915 1.5708 -0 -0 -8.72665e-06 1.59138 1.5708 1.5708 0 0 0 1.5708
-0.0110111 0.539887 1.515 0 0 0 0 0 0 0 0 0 0 0 0 1.59119 1.5708 1.0472e-05 -0 -8.72665e-06 1.59106 1.5708 1.5708 0 0 0 1.5708
-0.010851 0.539892 1.51499 0 0 0 0 0 0 0 0 0 0 0 0 1.59089 1.5708 -1.0472e-05 -0 -8.72665e-06 1.59075 1.5708 1.5708 0 0 0 1.5708
-0.0107002 0.539894 1.515 0 0 0 0 0 0 0 0 0 0 0 0 1.59061 1.5708 -0 -0 -8.72665e-06 1.59049 1.5708 1.5708 0 0 0 1.5708
-0.0105504 0.539897 1.515 0 0 0 0 0 0 0 0 0 0 0 0 1.59034 1.5708 -0 -0 -8.72665e-06 1.59026 1.5708 1.5708 0 0 0 1.5708
-0.0104005 0.5399 1.515 0 0 0 0 0 0 0 0 0 0 0 0 1.59006 1.5708 -0 -0 -8.72665e-06 1.59 1.5708 1.5708 0 0 0 1.5708
-0.0102601 0.539903 1.515 0 0 0 0 0 0 0 0 0 0 0 0 1.5898 1.5708 -0 -0 -8.72665e-06 1.58974 1.5708 1.5708 0 0 0 1.5708
-0.010116 0.539905 1.515 0 0 0 0 0 0 0 0 0 0 0 0 1.58953 1.5708 -0 -0 -8.72665e-06 1.58953 1.5708 1.5708 0 0 0 1.5708
-0.00997556 0.539908 1.515 0 0 0 0 0 0 0 0 0 0 0 0 1.58927 1.5708 -0 -0 -8.72665e-06 1.58928 1.5708 1.5708 0 0 0 1.5708
-0.0098361 0.53991 1.515 0 0 0 0 0 0 0 0 0 0 0 0 1.58901 1.5708 -0 -0 -8.72665e-06 1.58908 1.5708 1.5708 0 0 0 1.5708
-0.00969663 0.539913 1.515 0 0 0 0 0 0 0 0 0 0 0 0 1.58875 1.5708 -0 -0 -8.72665e-06 1.5888 1.5708 1.5708 0 0 0 1.5708
-0.00955623 0.539915 1.515 0 0 0 0 0 0 0 0 0 0 0 0 1.58849 1.5708 -0 -0 -8.72665e-06 1.58854 1.5708 1.5708 0 0 0 1.5708
-0.00941676 0.539918 1.515 0 0 0 0 0 0 0 0 0 0 0 0 1.58824 1.5708 -0 -0 -8.72665e-06 1.5883 1.5708 1.5708 0 0 0 1.5708
-0.00928201 0.53992 1.515 0 0 0 0 0 0 0 0 0 0 0 0 1.58799 1.5708 -0 -0 -8.72665e-06 1.58802 1.5708 1.5708 0 0 0 1.5708
-0.00914254 0.539923 1.515 0 0 0 0 0 0 0 0 0 0 0 0 1.58773 1.5708 -0 -0 -8.72665e-06 1.58776 1.5708 1.5708 0 0 0 1.5708
-0.00901344 0.539925 1.515 0 0 0 0 0 0 0 0 0 0 0 0 1.58749 1.5708 -0 -0 -8.72665e-06 1.58753 1.5708 1.5708 0 0 0 1.5708
-0.00887868 0.539927 1.515 0 0 0 0 0 0 0 0 0 0 0 0 1.58724 1.5708 -0 -0 -8.72665e-06 1.58727 1.5708 1.5708 0 0 0 1.5708
-0.00875429 0.539929 1.515 0 0 0 0 0 0 0 0 0 0 0 0 1.58701 1.5708 -0 -0 -8.72665e-06 1.58699 1.5708 1.5708 0 0 0 1.5708
-0.00862519 0.539931 1.515 0 0 0 0 0 0 0 0 0 0 0 0 1.58677 1.5708 -0 -0 -8.72665e-06 1.5867 1.5708 1.5708 0 0 0 1.5708
-0.00850551 0.539933 1.515 0 0 0 0 0 0 0 0 0 0 0 0 1.58655 1.5708 -0 -0 -8.72665e-06 1.58644 1.5708 1.5708 0 0 0 1.5708
-0.00838677 0.539935 1.515 0 0 0 0 0 0 0 0 0 0 0 0 1.58633 1.5708 -0 -0 -8.72665e-06 1.58614 1.5708 1.5708 0 0 0 1.5708
-0.00826803 0.539937 1.515 0 0 0 0 0 0 0 0 0 0 0 0 1.58611 1.5708 -0 -0 -8.72665e-06 1.58587 1.5708 1.5708 0 0 0 1.5708
-0.00814364 0.539939 1.515 0 0 0 0 0 0 0 0 0 0 0 0 1.58588 1.5708 -0 -0 -8.72665e-06 1.58565 1.5708 1.5708 0 0 0 1.5708
-0.00803433 0.53994 1.515 0 0 0 0 0 0 0 0 0 0 0 0 1.58568 1.5708 -0 -0 -8.72665e-06 1.58551 1.5708 1.5708 0 0 0 1.5708
-0.00792595 0.539942 1.515 0 0 0 0 0 0 0 0 0 0 0 0 1.58547 1.5708 -0 -0 -8.72665e-06 1.58535 1.5708 1.5708 0 0 0 1.5708
-0.00780721 0.539944 1.515 0 0 0 0 0 0 0 0 0 0 0 0 1.58525 1.5708 -0 -0 -8.72665e-06 1.58515 1.5708 1.5708 0 0 0 1.5708
-0.00769319 0.539945 1.515 0 0 0 0 0 0 0 0 0 0 0 0 1.58504 1.5708 -0 -0 -8.72665e-06 1.58497 1.5708 1.5708 0 0 0 1.5708
-0.00757916 0.539947 1.515 0 0 0 0 0 0 0 0 0 0 0 0 1.58483 1.5708 -0 -0 -8.72665e-06 1.58485 1.5708 1.5708 0 0 0 1.5708
-0.00746513 0.539948 1.515 0 0 0 0 0 0 0 0 0 0 0 0 1.58462 1.5708 -0 -0 -8.72665e-06 1.58466 1.5708 1.5708 0 0 0 1.5708
-0.00735675 0.53995 1.515 0 0 0 0 0 0 0 0 0 0 0 0 1.58442 1.5708 -0 -0 -8.72665e-06 1.58448 1.5708 1.5708 0 0 0 1.5708
-0.00724744 0.539951 1.515 0 0 0 0 0 0 0 0 0 0 0 0 1.58422 1.5708 -0 -0 -8.72665e-06 1.58434 1.5708 1.5708 0 0 0 1.5708
-0.00713906 0.539953 1.515 0 0 0 0 0 0 0 0 0 0 0 0 1.58402 1.5708 -0 -0 -8.72665e-06 1.58417 1.5708 1.5708 0 0 0 1.5708
-0.00704105 0.539954 1.515 0 0 0 0 0 0 0 0 0 0 0 0 1.58384 1.5708 -0 -0 -8.72665e-06 1.58399 1.5708 1.5708 0 0 0 1.5708
-0.0069421 0.539955 1.515 0 0 0 0 0 0 0 0 0 0 0 0 1.58365 1.5708 -0 -0 -8.72665e-06 1.58377 1.5708 1.5708 0 0 0 1.5708
-0.00683844 0.539957 1.515 0 0 0 0 0 0 0 0 0 0 0 0 1.58346 1.5708 -0 -0 -8.72665e-06 1.58359 1.5708 1.5708 0 0 0 1.5708
-0.00674043 0.539958 1.515 0 0 0 0 0 0 0 0 0 0 0 0 1.58328 1.5708 -0 -0 -8.72665e-06 1.5834 1.5708 1.5708 0 0 0 1.5708
-0.00664713 0.539959 1.515 0 0 0 0 0 0 0 0 0 0 0 0 1.58311 1.5708 -0 -0 -8.72665e-06 1.58319 1.5708 1.5708 0 0 0 1.5708
-0.00655948 0.53996 1.515 0 0 0 0 0 0 0 0 0 0 0 0 1.58294 1.5708 -0 -0 -8.72665e-06 1.58301 1.5708 1.5708 0 0 0 1.5708
-0.0064662 0.539962 1.51499 0 0 0 0 0 0 0 0 0 0 0 0 1.58277 1.5708 -1.0472e-05 -0 -8.72665e-06 1.58284 1.5708 1.5708 0 0 0 1.5708
-0.00637854 0.539962 1.515 0 0 0 0 0 0 0 0 0 0 0 0 1.58261 1.5708 -0 -0 -8.72665e-06 1.58267 1.5708 1.5708 0 0 0 1.5708
-0.00628524 0.539963 1.515 0 0 0 0 0 0 0 0 0 0 0 0 1.58244 1.5708 -0 -0 -1.91986e-05 1.58248 1.5708 1.5708 0 0 0 1.5708
